100
9999 9999 9999 9999 9999 9999 9999 9999 9999 9999 9999 9999 9999 9999 9999 9999 9999 9999 9999 9999 9999 9999 9999 9999 9999 9999 9999 9999 9999 9999 9999 9999 9999 9999 9999 9999 9999 9999 9999 9999 9999 9999 9999 9999 9999 9999 9999 9999 9999 9999 9999 9999 9999 9999 9999 9999 9999 9999 9999 9999 9999 9999 9999 9999 9999 9999 9999 9999 9999 9999 9999 9999 9999 9999 9999 9999 9999 9999 9999 9999 9999 9999 9999 9999 9999 9999 9999 9999 9999 9999 9999 9999 9999 9999 9999 9999 9999 9999 9999 9999
9999 9999 9999 9999 9999 9999 9999 9999 9999 16 9999 9999 9999 9999 9999 9999 9999 9999 9999 9999 9999 9999 9999 9999 9999 9999 9999 9999 9999 9999 9999 9999 9999 9999 9999 9999 9999 9999 9999 9999 9999 9999 9999 9999 9999 9999 9999 9999 9999 9999 9999 9999 9999 9999 9999 9999 9999 9999 9999 41 9999 9999 9999 9999 9999 9999 9999 9999 31 9999 58 9999 13 9999 9999 9999 9999 9999 9999 9999 9999 44 9999 9999 9999 9999 9999 9999 41 9999 9999 9999 9999 9999 9999 14 14 9999 9999 9999
9999 9999 9999 9999 9999 9999 9999 9999 9999 9999 9999 9999 9999 9999 9999 9999 9999 9999 9999 9999 9999 9999 9999 9999 9999 9999 9999 9999 9999 9999 9999 9999 9999 9999 9999 9999 50 9999 9999 3 9999 9999 20 9999 38 9999 9999 9999 9999 9999 9999 9999 9999 9999 9999 9999 9999 9999 9999 9999 9999 12 9999 9999 9999 9999 9999 9999 9999 9999 9999 9999 9999 9999 9999 9999 9999 9999 9999 9999 9999 9999 9999 9999 9999 9999 9999 9999 9999 9999 9999 9999 9999 9999 9999 9999 9999 9999 9999 9999
9999 9999 9999 9999 9999 9999 9999 9999 9999 9999 9999 3 9999 9999 9999 9999 9999 9999 9999 9999 9999 9999 9999 9999 9999 87 9999 9999 9999 9999 9999 9999 9999 9999 9999 9999 9999 75 9999 9999 9999 9999 9999 9999 9999 9999 9999 9999 9999 9999 9999 9999 9999 9999 9999 9999 9999 9999 9999 9999 9999 9999 9999 9999 9999 9999 9999 9999 9999 9999 9999 43 9999 9999 9999 9999 9999 9999 9999 9999 9999 9999 9999 86 9999 9999 9999 9999 9999 9999 9999 9999 9999 9999 9999 9999 9999 9999 9999 9999
9999 9999 9999 9999 9999 9999 9999 9999 9999 9999 9999 9999 9999 9999 9999 9999 9999 9999 9999 9999 9999 9999 9999 9999 9999 9999 9999 9999 9999 9999 9999 9999 9999 9999 9999 9999 9999 9999 9999 9999 9999 9999 90 9999 9999 68 9999 9999 9999 9999 9999 9999 9999 9999 54 9999 9999 9999 9999 9999 74 9999 9999 9999 9999 9999 9999 9999 9999 9999 9999 9999 9999 9999 9999 9999 9999 9999 9999 9999 9999 9999 9999 9999 9999 9999 9999 9999 9999 9999 9999 9999 9999 9999 9999 9999 9999 9999 9999 9999
9999 9999 9999 9999 9999 9999 9999 9999 9999 9999 9999 9999 9999 9999 9999 9999 9999 9999 9999 9999 99 9999 9999 9999 9999 9999 9999 9999 9999 9999 9999 9999 9999 9999 9999 9999 9999 9999 9999 9999 9999 9999 9999 23 9999 9999 9999 9999 9999 9999 9999 9999 15 9999 9999 9999 9999 9999 9999 9999 9999 9999 9999 9999 51 9999 9999 9999 9999 87 75 9999 9999 9999 9999 9999 9999 9999 9999 9999 9999 9999 9999 9999 62 9999 9999 9999 9999 9999 9999 9999 9999 9999 9999 9999 9999 10 9999 9999
9999 9999 9999 9999 9999 9999 9999 9999 9999 9999 9999 9999 9999 9999 9999 9999 9999 9999 14 9999 9999 9999 9999 9999 9999 9999 9999 9999 9999 9999 70 9999 9999 9999 9 9999 9999 9999 89 9999 9999 9999 9999 9999 9999 9999 9999 9999 9999 9999 9999 9999 9999 9999 9999 9999 9999 9999 9999 23 9999 9999 9999 9999 9999 9999 9999 9999 9999 9999 9999 9999 9999 9999 9999 9999 9999 9999 9999 9999 9999 9999 9999 9999 9999 9999 9999 57 9999 9999 9999 9999 9999 9999 9999 9999 9999 9999 9999 9999
9999 9999 9999 9999 9999 9999 9999 9999 9999 9999 9999 9999 9999 9999 9999 9999 9999 9999 9999 9999 25 9999 9999 9999 60 9999 9999 9999 9999 9999 39 9999 9999 9999 9999 9999 9999 9999 9999 9999 9999 62 9999 9999 9999 9999 9999 9999 9999 9999 9999 9999 9999 55 9999 9999 9999 9999 9999 9999 9999 9999 9999 9999 9999 9999 9999 9999 84 88 9999 9999 9999 9999 9999 9999 9999 9999 9999 9999 9999 9999 9999 9999 9999 9999 9999 9999 9999 9999 9999 9999 66 9999 9999 9999 9999 9999 9999 9999
9999 9999 9999 9999 9999 9999 9999 9999 9999 9999 9999 9999 9999 9999 9999 9999 9999 9999 9999 9999 9999 9999 9999 9999 9999 9999 9999 9999 9999 9999 9999 9999 9999 9999 9999 9999 8 9999 9999 9999 9999 9999 9999 9999 9999 9999 9999 9999 9999 9999 9999 9999 9999 9999 9999 9999 9999 9999 9999 9999 9999 9999 98 9999 9999 99 9999 9999 9999 9999 9999 9999 9999 9999 9999 9999 9999 9999 96 9999 9999 9999 9999 9999 9999 9999 9999 9999 9999 9999 9999 9999 9999 9999 9999 9999 9999 9999 53 9999
9999 16 9999 9999 9999 9999 9999 9999 9999 9999 9999 9999 9999 9999 9999 9999 9999 9999 9999 9999 9999 9999 9999 9999 9999 9999 9999 9999 9999 9999 9999 9999 9999 9999 9999 9999 9999 9999 9999 9999 9999 9999 9999 9999 9999 9999 9999 9999 9999 9999 9999 9999 9999 9999 9999 9999 9999 9999 9999 9999 9999 9999 9999 9999 9999 9999 9999 9999 9999 9999 9999 9999 9999 9999 9999 9999 9999 9999 9999 9999 9999 9999 9999 9999 9999 18 21 9999 9999 9999 9999 75 9999 9999 9999 9999 9999 1 9999 9999
9999 9999 9999 9999 9999 9999 9999 9999 9999 9999 9999 9999 9999 9999 9999 9999 9999 9999 9999 9999 9999 9999 9999 9999 9999 9999 9999 9999 9999 43 9999 9999 9999 9999 18 9999 84 9999 9999 9999 9999 9999 9999 9999 9999 9999 9999 9999 9999 9999 9999 97 9999 9999 9999 9999 9999 9999 9999 9999 9999 74 9999 26 9999 9999 9999 9999 9999 9999 9999 46 9999 9999 9999 9999 9999 9999 9999 10 9999 9999 9999 9999 9999 9999 99 9999 9999 9999 9999 9999 9999 9999 9999 9999 9999 9999 9999 9999
9999 9999 9999 3 9999 9999 9999 9999 9999 9999 9999 9999 9999 9999 9999 9999 9999 9999 9999 9999 9999 7 9999 9999 9999 65 9999 22 9999 9999 9999 9999 9999 9999 9999 9999 9999 9999 9999 65 9999 9999 9999 9999 9999 9999 9999 64 9999 9999 9999 9999 9999 9999 9999 9999 9999 9999 9999 9999 9999 9999 9999 9999 54 9999 9999 9999 9999 9999 9999 9999 9999 9999 9999 9999 90 9999 9999 9999 9999 9999 9999 9999 9999 44 9999 9999 9999 9999 24 9999 9999 9999 9999 9999 47 9999 9999 9999
9999 9999 9999 9999 9999 9999 9999 9999 9999 9999 9999 9999 9999 9999 9999 9999 9999 9999 9999 9999 9999 9999 9999 9999 9999 9999 9999 9999 9999 9999 9999 9999 9999 9999 9999 9999 93 9999 9999 9999 9999 9999 9999 9999 9999 9999 9999 9999 9999 9999 9999 9999 9999 9999 9999 9999 9999 9999 9999 9999 9999 9999 9999 9999 9999 9999 28 9999 9999 9999 9999 87 9999 9999 58 9999 9999 9999 9999 9999 9999 9999 9999 9999 9999 9999 9999 9999 9999 9999 9999 9999 9999 9999 9999 9999 9999 9999 9999 9999
9999 9999 9999 9999 9999 9999 9999 9999 9999 9999 9999 9999 9999 9999 9999 46 9999 9999 21 9999 9999 88 9999 9999 9999 9999 9999 9999 9999 9999 9999 9999 9999 9999 9999 9999 9999 9999 9999 9999 9999 9999 9999 9999 9999 35 9999 9999 9999 9999 9999 61 70 9999 9999 9999 9999 9999 9999 9999 9999 9999 9999 9999 9999 9999 46 9999 9999 9999 9999 9999 9999 23 9999 9999 9999 9999 9999 2 9999 9999 9999 9999 9999 9999 9999 9999 9999 9999 9999 9999 9999 9999 9999 9999 9999 9999 9999 9999
9999 9999 9999 9999 9999 9999 9999 9999 9999 9999 9999 9999 9999 9999 9999 9999 9999 9999 9999 9999 9999 9999 9999 9999 7 9999 9999 9999 9999 9999 9999 9999 9999 9999 9999 9999 9999 9999 9999 64 9999 9999 9999 9999 9999 9999 9999 9999 9999 9999 9999 9999 9999 85 9999 9999 9999 9999 9999 9999 9999 9999 9999 9999 9999 9999 9999 9999 9999 9999 9999 9999 9999 9999 9999 9999 9999 9999 9999 9999 9999 100 9999 9999 9999 9999 9999 9999 9999 9999 54 9999 9999 9999 9999 9999 9999 9999 9999 9999
9999 9999 9999 9999 9999 9999 9999 9999 9999 9999 9999 9999 9999 46 9999 9999 9999 9999 9999 9999 9999 1 9999 9999 9999 9999 9999 9999 9999 9999 9999 9999 9999 9999 9999 9999 9999 9999 9999 9999 9999 9999 9999 92 9999 9999 9999 9999 87 9999 9999 9999 9999 9999 9999 9999 39 9999 9999 9999 9999 9999 9999 9999 9999 9999 9999 9999 43 9999 9999 9999 9999 9999 9999 9999 9999 9999 9999 9999 9999 9999 9999 9999 9999 9999 9999 9999 9999 9999 9999 9999 9999 9999 9999 9999 9999 9999 9999 9999
9999 9999 9999 9999 9999 9999 9999 9999 9999 9999 9999 9999 9999 9999 9999 9999 9999 9999 9999 9999 9999 9999 9999 9999 9999 9999 9999 9999 9999 9999 9999 9999 9999 9999 9999 9999 9999 9999 9999 9999 9999 9999 9999 9999 9999 9999 9999 9999 9999 9999 9999 9999 23 9999 9999 9999 9999 9999 9999 9999 9999 9999 48 9999 9999 9999 92 9999 9999 9999 9999 9999 9999 9999 9999 9999 9999 9999 9999 36 9999 9999 9999 9999 72 9999 9999 9999 74 9999 9999 9999 9999 9999 9999 9999 9999 9999 9999 9999
9999 9999 9999 9999 9999 9999 9999 9999 9999 9999 9999 9999 9999 9999 9999 9999 9999 9999 9999 47 9999 9999 9999 9999 3 9999 9999 9999 9999 9999 9999 9999 9999 9999 9999 9999 9999 89 9999 9999 9999 36 9999 9999 9999 9999 9999 9999 9999 9999 9999 9999 9999 9999 9999 9999 9999 9999 9999 9999 91 9999 9999 9999 70 9999 9999 9999 9999 9999 9999 9999 9999 9999 9999 9999 9999 9999 9999 9999 9999 9999 9999 9999 9999 9999 9999 9999 9999 29 9999 9999 9999 9999 9999 9999 21 9999 9999 9999
9999 9999 9999 9999 9999 9999 14 9999 9999 9999 9999 9999 9999 21 9999 9999 9999 9999 9999 9999 9999 43 9999 9999 9999 9999 9999 9999 9999 9999 9999 9999 9999 9999 9999 9999 9999 9999 9999 9999 9999 9999 9999 14 9999 9999 9999 9999 9999 9999 9999 9999 9999 9999 9999 9999 9999 9999 9999 9999 9999 9999 36 9999 9999 9999 9999 9999 9999 9999 9999 9999 9999 9999 9999 9999 9999 9999 23 9999 9999 9999 9999 9999 9999 9999 9999 11 9999 9999 9999 9999 9999 9999 9999 9999 9999 9999 9999 9999
9999 9999 9999 9999 9999 9999 9999 9999 9999 9999 9999 9999 9999 9999 9999 9999 9999 47 9999 9999 9999 9999 9999 9999 9999 9999 9999 9999 9999 9999 9999 9999 9999 96 9999 9999 9999 43 9999 9999 48 9999 9999 9999 9999 9999 9999 9999 9999 55 9999 9999 9999 9999 9999 9999 9999 9999 9999 9999 9999 9999 9999 9999 9999 9999 9999 9999 9999 9999 9999 9999 9999 9999 9999 9999 9999 9999 9999 87 9999 9999 9999 9999 9999 9999 9999 9999 9999 9999 9999 9999 83 9999 9999 31 9999 85 9999 9999
9999 9999 9999 9999 9999 99 9999 25 9999 9999 9999 9999 9999 9999 9999 9999 9999 9999 9999 9999 9999 9999 9999 9999 9999 9999 9999 9999 9999 9999 9999 9999 9999 9999 9999 9999 9999 9999 9999 9999 9999 9999 9999 9999 9999 9999 9999 9999 9999 9999 9999 9999 8 9999 9999 9999 9999 9999 9999 9999 9999 9999 9999 9999 9999 9999 9999 9999 9999 9999 9999 9999 9999 9999 9999 9999 9999 9999 23 9999 9999 9999 9999 9999 9999 9999 9999 9999 9999 9999 9999 9999 9999 9999 9999 9999 9999 9999 9999 9999
9999 9999 9999 9999 9999 9999 9999 9999 9999 9999 9999 7 9999 88 9999 1 9999 9999 43 9999 9999 9999 9999 9999 9999 9999 77 9999 31 9999 9999 32 9999 9999 9999 9999 9999 9999 48 9999 9999 9999 96 9999 9999 9999 9999 9999 9999 9999 9999 9999 9999 9999 9999 9999 9999 9999 9999 9999 9999 9999 9999 9999 9999 9999 9999 9999 9999 9999 9999 9999 9999 9999 9999 9999 9999 9999 9999 9999 9999 9999 9999 59 9999 9999 64 9999 39 23 9999 45 9999 79 23 9999 9999 9999 9999 9999
9999 9999 9999 9999 9999 9999 9999 9999 9999 9999 9999 9999 9999 9999 9999 9999 9999 9999 9999 9999 9999 9999 9999 9999 9999 9999 9999 9999 9999 9999 9999 9999 9999 9999 9999 9999 9999 9999 9999 9999 9999 9999 9999 9999 88 9999 9999 9999 9999 9999 9999 9999 9999 9999 9999 9999 9999 9999 9999 9999 9999 9999 9999 9999 9999 9999 9999 9999 9999 45 9999 9999 90 9999 9999 9999 9999 9999 9999 9999 9999 9999 9999 9999 9999 9999 9999 9999 9999 9999 9999 9999 9999 9999 9999 9999 9999 9999 9999 9999
9999 9999 9999 9999 9999 9999 9999 9999 9999 9999 9999 9999 9999 9999 9999 9999 9999 9999 9999 9999 9999 9999 9999 9999 9999 9999 9999 9999 75 9999 9999 9999 9999 9999 9999 9999 9999 70 9999 9999 9999 37 9999 9999 9999 9999 9999 38 49 9999 9999 9999 9999 9999 9999 9999 9999 9999 9999 91 9999 9999 9999 9999 9999 9999 9999 9999 9999 9999 9999 9999 9999 9999 9999 9999 9999 9999 9999 9999 9999 9999 9999 9999 80 55 9999 9999 9999 9999 9999 9999 9999 9999 9999 9999 9999 9999 9999 9999
9999 9999 9999 9999 9999 9999 9999 60 9999 9999 9999 9999 9999 9999 7 9999 9999 3 9999 9999 9999 9999 9999 9999 9999 9999 9999 9999 44 9999 9999 9999 9999 9999 9999 9999 9999 9999 9999 9999 9999 9999 9999 65 9999 9999 9999 9999 9999 9999 9999 9999 9999 9999 9999 9999 9999 9999 9999 9999 86 9999 9999 9999 9999 9999 47 9999 53 9999 9999 9999 9999 9999 9999 9999 9999 68 9999 9999 9999 9999 9999 9999 9999 9999 9999 9999 9999 9999 9999 9999 9999 9999 9999 9999 9999 9999 9999 9999
9999 9999 9999 87 9999 9999 9999 9999 9999 9999 9999 65 9999 9999 9999 9999 9999 9999 9999 9999 9999 9999 9999 9999 9999 9999 9999 9999 9999 9999 9999 9999 9999 9999 9999 9999 9999 9999 9999 9999 9999 9999 9999 9999 9999 9999 12 23 9999 9999 9999 9999 9999 9999 9999 9999 9999 9999 9999 9999 9999 9999 9999 9999 9999 9999 9999 9999 9999 9999 9999 9999 9999 9999 48 9999 9999 9999 9999 9999 9999 9999 9999 9999 9999 9999 9999 9999 9999 9999 9999 56 9999 9999 9999 9999 9999 9999 28 9999
9999 9999 9999 9999 9999 9999 9999 9999 9999 9999 9999 9999 9999 9999 9999 9999 9999 9999 9999 9999 9999 77 9999 9999 9999 9999 9999 9999 9999 9999 9999 9999 9999 9999 9999 9999 9999 9999 9999 9999 9999 9999 9999 69 9999 9999 9999 9999 9999 28 9999 9999 9999 9999 9999 9999 9999 9999 9999 9999 9999 9999 9999 9999 9999 9999 93 9999 34 9999 9999 9999 9999 9999 9999 9999 9999 9999 9999 9999 9999 37 9999 9999 9999 9999 9999 9999 9999 9999 9999 9999 9999 9999 9999 9999 9999 9999 9999 9999
9999 9999 9999 9999 9999 9999 9999 9999 9999 9999 9999 22 9999 9999 9999 9999 9999 9999 9999 9999 9999 9999 9999 9999 9999 9999 9999 9999 9999 9999 9999 9999 9999 9999 9999 9999 9999 9999 9999 9999 9999 9999 9999 9999 9999 9999 9999 9999 9999 9999 9999 9999 9999 9999 9999 48 9999 9999 9999 9999 9999 9999 9999 9999 9999 9999 9999 9999 9999 9999 18 9999 9999 9999 76 9999 9999 9999 9999 9999 9999 9999 9999 9999 9999 9999 9999 9999 9999 25 9999 9999 9999 9999 9999 9999 9999 9999 9999 9999
9999 9999 9999 9999 9999 9999 9999 9999 9999 9999 9999 9999 9999 9999 9999 9999 9999 9999 9999 9999 9999 31 9999 75 44 9999 9999 9999 9999 9999 9999 9999 9999 9999 9999 9999 9999 9999 9999 9999 9999 9999 9999 9999 9999 9999 1 9999 9999 9999 9999 53 9999 9999 9999 9999 9999 9999 9999 9999 9999 60 9999 28 9999 9999 9999 9999 53 9999 62 9999 9999 9999 60 9999 9999 9 9999 9999 9999 9999 9999 9999 9999 9999 9999 9999 4 9999 9999 9999 9999 9999 9999 9999 9999 79 9999 9999
9999 9999 9999 9999 9999 9999 9999 9999 9999 9999 43 9999 9999 9999 9999 9999 9999 9999 9999 9999 9999 9999 9999 9999 9999 9999 9999 9999 9999 9999 9999 9999 9999 9999 9999 9999 9999 9999 9999 9999 9999 51 20 99 9999 9999 9999 58 9999 9999 83 9999 9999 9999 9999 9999 9999 9999 9999 9999 9999 9999 9999 9999 9999 9999 9999 9999 9999 9999 33 9999 9999 9999 9999 9999 9999 9999 9999 9999 9999 9999 44 74 16 9999 79 9999 9999 9999 83 9999 9999 9999 9999 64 9999 9999 9999 9999
9999 9999 9999 9999 9999 9999 70 39 9999 9999 9999 9999 9999 9999 9999 9999 9999 9999 9999 9999 9999 9999 9999 9999 9999 9999 9999 9999 9999 9999 9999 9999 9999 61 9999 9999 9999 9999 9999 72 9999 9999 9999 9999 9999 9999 9999 9999 9999 9999 9999 9999 9999 9999 9999 9999 9999 9999 9999 9999 9999 9999 9999 9999 9999 89 9999 9999 9999 9999 9999 9999 9999 9999 88 9999 9999 9999 9999 10 9999 53 15 10 9999 9999 9999 9999 9999 9999 9999 9999 59 9999 9999 9999 9999 9999 9999 9999
9999 9999 9999 9999 9999 9999 9999 9999 9999 9999 9999 9999 9999 9999 9999 9999 9999 9999 9999 9999 9999 32 9999 9999 9999 9999 9999 9999 9999 9999 9999 9999 9999 9999 9999 54 9999 9999 9999 67 9999 9999 9999 9999 9999 9999 9999 9999 9999 9999 9999 9999 9999 9999 9999 9999 9999 9999 25 9999 9999 9999 9999 9999 9999 9999 9999 9999 9999 9999 9999 9999 9999 9999 9999 9999 9999 9999 9999 9999 9999 9999 9999 9999 9999 9999 9999 9999 9999 9999 9999 9999 9999 9999 9999 58 9999 9999 9999 9999
9999 9999 9999 9999 9999 9999 9999 9999 9999 9999 9999 9999 9999 9999 9999 9999 9999 9999 9999 9999 9999 9999 9999 9999 9999 9999 9999 9999 9999 9999 9999 9999 9999 9999 9999 9999 9999 9999 9999 9999 9999 9999 9999 9999 9999 9999 9999 69 9999 9999 9999 9999 9999 9999 9999 9999 9999 9999 9999 9999 66 9999 9999 76 9999 96 9999 9999 9999 8 78 9999 9999 9999 9999 9999 19 9999 9999 9999 9999 1 9999 9999 100 9999 9999 9999 9999 9999 9999 9999 94 9999 9999 9999 9999 9999 9999 9999
9999 9999 9999 9999 9999 9999 9999 9999 9999 9999 9999 9999 9999 9999 9999 9999 9999 9999 9999 96 9999 9999 9999 9999 9999 9999 9999 9999 9999 9999 61 9999 9999 9999 41 9999 9999 9999 9999 9999 9999 48 1 9999 9999 9999 9999 9999 9999 9999 9999 9999 89 9999 9999 9999 9999 13 9999 9999 9999 9999 9999 9999 9999 9999 9999 9999 9999 9999 9999 9999 9999 61 9999 9999 9999 88 9999 9999 9999 9999 9999 9999 9999 9999 9999 9999 9999 9999 9999 9999 9999 9999 9999 9999 9999 9999 9999 9999
9999 9999 9999 9999 9999 9999 9 9999 9999 9999 18 9999 9999 9999 9999 9999 9999 9999 9999 9999 9999 9999 9999 9999 9999 9999 9999 9999 9999 9999 9999 9999 9999 41 9999 9999 9999 9999 9999 9999 9999 9999 9999 9999 9999 9999 9999 9999 9999 9999 9999 9999 9999 9999 9999 50 9999 9999 9999 44 9999 9999 9999 9999 9999 9999 9999 9999 9999 9999 9999 9999 9999 9999 9999 9999 9999 9999 9999 9999 33 9999 18 9999 9999 9999 9999 9999 9999 9999 9999 9999 9999 9999 9999 9999 9999 9999 9999 9999
9999 9999 9999 9999 9999 9999 9999 9999 9999 9999 9999 9999 9999 9999 9999 9999 9999 9999 9999 9999 9999 9999 9999 9999 9999 9999 9999 9999 9999 9999 9999 54 9999 9999 9999 9999 9999 9999 9999 9999 9999 9999 9999 9999 3 9999 9999 9999 9 9999 9999 9999 9999 9999 9999 9999 9999 9999 9999 9999 20 9999 9999 9999 9999 80 9999 9999 9999 9999 9999 9999 9999 9999 9999 9999 9999 9999 9999 9999 9999 9999 9999 9999 9999 9999 9999 9999 9999 9999 9999 9999 9999 9999 9999 9999 9999 9999 9999 9999
9999 9999 50 9999 9999 9999 9999 9999 8 9999 84 9999 93 9999 9999 9999 9999 9999 9999 9999 9999 9999 9999 9999 9999 9999 9999 9999 9999 9999 9999 9999 9999 9999 9999 9999 9999 9999 9999 9999 9999 9999 9999 68 9999 9999 9999 9999 48 9999 9999 9999 9999 9999 9999 9999 9999 9999 9999 9999 95 9999 9999 9999 9999 9999 9999 9999 9999 9999 100 9999 73 9999 35 9999 9999 9999 9999 97 18 9999 9999 9999 9999 9999 9999 9999 9999 9999 9999 9999 71 9999 9999 9999 10 9999 9999 9999
9999 9999 9999 75 9999 9999 9999 9999 9999 9999 9999 9999 9999 9999 9999 9999 9999 89 9999 43 9999 9999 9999 70 9999 9999 9999 9999 9999 9999 9999 9999 9999 9999 9999 9999 9999 9999 9999 9999 9999 9999 9999 9999 9999 9999 9999 9999 9999 9999 9999 9999 72 9999 9999 50 9999 9999 9999 9999 9999 9999 9999 9999 9999 9999 9999 9999 9999 9999 9999 9999 19 9999 9999 9999 9999 26 9999 9999 9999 9999 9999 9999 9999 9999 9999 9999 23 9999 9999 9999 9999 9999 9999 9999 9999 9999 9999 9
9999 9999 9999 9999 9999 9999 89 9999 9999 9999 9999 9999 9999 9999 9999 9999 9999 9999 9999 9999 9999 48 9999 9999 9999 9999 9999 9999 9999 9999 9999 9999 9999 9999 9999 9999 9999 9999 9999 9999 9999 9999 9999 9999 78 28 9999 9999 9999 9999 85 9999 9999 9999 85 9999 9999 97 9999 9999 9999 9999 9999 9999 9999 9999 9999 9999 9999 9999 9999 9999 9999 9999 18 9999 9999 9999 9999 9999 9999 9999 9999 9999 9999 9999 76 9999 9999 9999 9999 9999 70 9999 9999 9999 9999 9999 9999 9999
9999 9999 3 9999 9999 9999 9999 9999 9999 9999 9999 65 9999 9999 64 9999 9999 9999 9999 9999 9999 9999 9999 9999 9999 9999 9999 9999 9999 9999 72 67 9999 9999 9999 9999 9999 9999 9999 9999 9999 9999 9999 9999 9999 9999 9999 9999 65 9999 9999 9999 9999 9999 9999 9999 9999 9999 9999 9999 9999 9999 9999 9999 9999 9999 9999 9999 9999 9999 9999 9999 9999 9999 9999 9999 9999 9999 9999 9999 9999 9999 9999 9999 26 9999 9999 9999 9999 9999 9999 9999 9999 9999 9999 9999 9999 9999 9999 9999
9999 9999 9999 9999 9999 9999 9999 9999 9999 9999 9999 9999 9999 9999 9999 9999 9999 9999 9999 48 9999 9999 9999 9999 9999 9999 9999 9999 9999 9999 9999 9999 9999 9999 9999 9999 9999 9999 9999 9999 9999 9999 9999 9999 9999 9999 9999 9999 9999 9999 9999 37 9999 9999 9999 9999 9999 9999 9999 9999 9999 9999 9999 9999 9999 9999 9999 9999 9999 9999 9999 9999 9999 9999 9999 9999 9999 9999 9999 9999 9999 9999 9999 9999 9999 9999 9999 9999 9999 9999 9999 9999 9999 9999 9999 9999 9999 9999 9999 9999
9999 9999 9999 9999 9999 9999 9999 62 9999 9999 9999 9999 9999 9999 9999 9999 9999 36 9999 9999 9999 9999 9999 37 9999 9999 9999 9999 9999 51 9999 9999 9999 48 9999 9999 9999 9999 9999 9999 9999 9999 9999 84 9999 9999 9999 9999 9999 9999 9999 9999 9999 9999 9999 9999 9999 9999 9999 9999 9999 9999 9999 9999 9999 9999 9999 9999 9999 9999 9999 9999 9999 9999 9999 9999 9999 9999 48 9999 9999 9999 9999 9999 74 9999 9999 9999 9999 9999 9999 9999 9999 9999 9999 9999 9999 9999 9999 9999
9999 9999 20 9999 90 9999 9999 9999 9999 9999 9999 9999 9999 9999 9999 9999 9999 9999 9999 9999 9999 96 9999 9999 9999 9999 9999 9999 9999 20 9999 9999 9999 1 9999 9999 9999 9999 9999 9999 9999 9999 9999 9999 9999 9999 9999 9999 9999 9999 9999 9999 9999 18 9999 9999 9999 9999 87 9999 9999 9999 9999 9999 9999 9999 9999 9999 9999 9999 9999 9999 9999 9999 9999 9999 9999 55 9999 28 9999 9999 9999 9999 9999 9999 73 9999 9999 9999 97 9999 9999 9999 9999 9999 9999 9999 9999 9999
9999 9999 9999 9999 9999 23 9999 9999 9999 9999 9999 9999 9999 9999 9999 92 9999 9999 14 9999 9999 9999 9999 9999 65 9999 69 9999 9999 99 9999 9999 9999 9999 9999 9999 68 9999 9999 9999 9999 84 9999 9999 9999 9999 9999 9999 9999 9999 9999 9999 9999 9999 9999 9999 9999 9999 9999 9999 9999 9999 9999 9999 9999 9999 9999 9999 9999 9999 9999 54 9999 9999 9999 9999 9999 9999 9999 9999 9999 9999 9999 9999 9999 9999 9999 9999 9999 9999 9999 9999 9999 9999 9999 9999 84 9999 9999 9999
9999 9999 38 9999 9999 9999 9999 9999 9999 9999 9999 9999 9999 9999 9999 9999 9999 9999 9999 9999 9999 9999 88 9999 9999 9999 9999 9999 9999 9999 9999 9999 9999 9999 9999 3 9999 9999 78 9999 9999 9999 9999 9999 9999 9999 9999 9999 9999 9999 9999 9999 9999 9999 9999 9999 9999 9999 3 9999 9999 9999 9999 9999 9999 9999 9999 9999 9999 9999 9999 9999 9999 9999 9999 9999 9999 9999 9999 9999 9999 9999 9999 9999 9999 9999 9999 9999 9999 100 9999 9999 9999 9999 9999 9999 9999 9999 9999 19
9999 9999 9999 9999 68 9999 9999 9999 9999 9999 9999 9999 9999 35 9999 9999 9999 9999 9999 9999 9999 9999 9999 9999 9999 9999 9999 9999 9999 9999 9999 9999 9999 9999 9999 9999 9999 9999 28 9999 9999 9999 9999 9999 9999 9999 9999 9999 9999 9999 9999 9999 9999 9 9999 9999 9999 9999 9999 9999 9999 9999 11 9999 9999 9999 9999 9999 9999 9999 9999 9999 9999 9999 9999 9999 9999 9999 9999 9999 9999 9999 9999 9999 9999 9999 9999 9999 9999 9999 9999 9999 9999 88 9999 9999 9999 9999 9999 9999
9999 9999 9999 9999 9999 9999 9999 9999 9999 9999 9999 9999 9999 9999 9999 9999 9999 9999 9999 9999 9999 9999 9999 9999 9999 12 9999 9999 1 9999 9999 9999 9999 9999 9999 9999 9999 9999 9999 9999 9999 9999 9999 9999 9999 9999 9999 9999 9999 9999 9999 9999 9999 9999 9999 9999 30 9999 9999 9999 84 9999 9999 9999 9999 9999 45 9999 9999 9999 56 9999 9999 9999 9999 9999 9999 9999 31 9999 65 9999 9999 9999 9999 9999 9999 9999 9999 9999 33 9999 9999 9999 9999 9999 9999 73 9999 9999
9999 9999 9999 9999 9999 9999 9999 9999 9999 9999 9999 64 9999 9999 9999 9999 9999 9999 9999 9999 9999 9999 9999 38 9999 23 9999 9999 9999 58 9999 9999 69 9999 9999 9999 9999 9999 9999 9999 9999 9999 9999 9999 9999 9999 9999 9999 9999 9999 90 9999 9999 28 9999 9999 9999 9999 9999 9999 9999 9999 9999 9999 9999 9999 9999 9999 9999 9999 9999 9999 9999 9999 9999 46 9999 9999 9999 31 9999 9999 16 9999 9999 9999 9999 9999 9999 9999 9999 9999 9999 9999 14 9999 9999 9999 9999 9999
9999 9999 9999 9999 9999 9999 9999 9999 9999 9999 9999 9999 9999 9999 9999 87 9999 9999 9999 9999 9999 9999 9999 49 9999 9999 9999 9999 9999 9999 9999 9999 9999 9999 9999 9 48 9999 9999 65 9999 9999 9999 9999 9999 9999 9999 9999 9999 9999 9999 9999 9999 9999 9999 9999 9999 9999 9999 9999 9999 9999 9999 9999 9999 9999 9999 9999 9999 9999 14 9999 9999 9999 9999 9999 9999 9999 9999 9999 9999 9999 9999 9999 9999 9999 9999 9999 9999 9999 9999 9999 99 95 9999 9999 9999 9999 9999 9999
9999 9999 9999 9999 9999 9999 9999 9999 9999 9999 9999 9999 9999 9999 9999 9999 9999 9999 9999 55 9999 9999 9999 9999 9999 9999 28 9999 9999 9999 9999 9999 9999 9999 9999 9999 9999 9999 9999 9999 9999 9999 9999 9999 9999 9999 9999 9999 9999 9999 9999 9999 9999 9999 9999 9999 9999 9999 9999 9999 9999 9999 9999 9999 9999 9999 9999 9999 9999 9999 9999 9999 9999 9999 9999 93 9999 9999 9999 9999 9999 9999 9999 9999 9999 9999 9999 9999 9999 75 9999 9999 90 9999 9999 9999 9999 9999 9999 9999
9999 9999 9999 9999 9999 9999 9999 9999 9999 9999 9999 9999 9999 9999 9999 9999 9999 9999 9999 9999 9999 9999 9999 9999 9999 9999 9999 9999 9999 83 9999 9999 9999 9999 9999 9999 9999 9999 85 9999 9999 9999 9999 9999 9999 9999 9999 90 9999 9999 9999 9999 9999 9999 9999 9999 9999 9999 9999 9999 9999 9999 9999 9999 9999 9999 9999 9999 9999 9999 9999 9999 9999 9999 9999 9999 9999 9999 64 9999 9999 9999 9999 9999 9999 9999 9999 9999 9999 9999 9999 9999 9999 9999 9999 9999 9999 53 9999 9999
9999 9999 9999 9999 9999 9999 9999 9999 9999 9999 97 9999 9999 61 9999 9999 9999 9999 9999 9999 9999 9999 9999 9999 9999 9999 9999 9999 53 9999 9999 9999 9999 9999 9999 9999 9999 9999 9999 9999 37 9999 9999 9999 9999 9999 9999 9999 9999 9999 9999 9999 9999 9999 9999 9999 9999 9999 9999 9999 9999 9999 9999 9999 9999 9999 9999 38 9999 9999 9999 9999 9999 9999 9999 9999 9999 9999 9999 9999 9999 9999 9999 9999 9999 9999 9999 9999 9999 9999 9999 9999 9999 46 9999 9999 9999 9999 9999 9999
9999 9999 9999 9999 9999 15 9999 9999 9999 9999 9999 9999 9999 70 9999 9999 23 9999 9999 9999 8 9999 9999 9999 9999 9999 9999 9999 9999 9999 9999 9999 9999 89 9999 9999 9999 72 9999 9999 9999 9999 9999 9999 9999 9999 9999 9999 9999 9999 9999 9999 9999 9999 9999 9999 9999 99 41 9999 9999 9999 9999 9999 9999 9999 9999 9999 9999 9999 9999 9999 9999 9999 9999 9999 9999 9999 9999 9999 9999 9999 9999 9999 9999 9999 9999 9999 9999 9999 9999 9999 9999 9999 9999 9999 9999 33 9999 9999
9999 9999 9999 9999 9999 9999 9999 55 9999 9999 9999 9999 9999 9999 85 9999 9999 9999 9999 9999 9999 9999 9999 9999 9999 9999 9999 9999 9999 9999 9999 9999 9999 9999 9999 9999 9999 9999 9999 9999 9999 9999 18 9999 9999 9 9999 28 9999 9999 9999 9999 9999 9999 9999 9999 9999 9999 9999 9999 9999 9999 9999 9999 9999 28 9999 70 9999 9999 9999 9999 9999 9999 9999 9999 93 75 9999 70 9999 9999 9999 9999 9999 58 9999 9999 9999 9999 9999 9999 9999 9999 19 9999 9999 9999 9999 9999
9999 9999 9999 9999 54 9999 9999 9999 9999 9999 9999 9999 9999 9999 9999 9999 9999 9999 9999 9999 9999 9999 9999 9999 9999 9999 9999 9999 9999 9999 9999 9999 9999 9999 9999 9999 9999 9999 85 9999 9999 9999 9999 9999 9999 9999 9999 9999 9999 9999 9999 9999 9999 9999 9999 9999 9999 9999 9999 9999 9999 9999 9999 9999 9999 9999 9999 9999 10 47 9999 9999 9999 9999 9999 9999 9999 9999 9999 9999 9999 9999 9999 9999 9999 9999 9999 9999 9999 9999 9999 9999 9999 9999 9999 9999 9999 9999 9999 9999
9999 9999 9999 9999 9999 9999 9999 9999 9999 9999 9999 9999 9999 9999 9999 9999 9999 9999 9999 9999 9999 9999 9999 9999 9999 9999 9999 48 9999 9999 9999 9999 9999 9999 50 9999 9999 50 9999 9999 9999 9999 9999 9999 9999 9999 9999 9999 9999 9999 9999 9999 9999 9999 9999 9999 9999 9999 9999 9999 9999 9999 9999 9999 94 9999 9999 9999 9999 9999 9999 9999 67 9999 68 31 9999 9999 9999 9999 79 9999 9999 9999 9999 9999 9999 9999 9999 9999 9999 9999 9999 9999 9999 9999 9999 9999 9999 9999
9999 9999 9999 9999 9999 9999 9999 9999 9999 9999 9999 9999 9999 9999 9999 39 9999 9999 9999 9999 9999 9999 9999 9999 9999 9999 9999 9999 9999 9999 9999 9999 9999 9999 9999 9999 9999 9999 9999 9999 9999 9999 9999 9999 9999 9999 30 9999 9999 9999 9999 9999 9999 9999 9999 9999 9999 9999 9999 9999 9999 9999 9999 9999 35 76 9999 9999 9999 9999 9999 9999 9999 9999 9999 9999 9999 9999 9999 9999 9999 89 9999 9999 52 9999 9999 9999 9999 9999 9999 9999 9999 18 9999 9999 9999 9999 9999 9999
9999 9999 9999 9999 9999 9999 9999 9999 9999 9999 9999 9999 9999 9999 9999 9999 9999 9999 9999 9999 9999 9999 9999 9999 9999 9999 9999 9999 9999 9999 9999 9999 9999 13 9999 9999 9999 9999 97 9999 9999 9999 9999 9999 9999 9999 9999 9999 9999 9999 9999 9999 99 9999 9999 9999 9999 9999 9999 9999 90 9999 9999 9999 9999 9999 9999 9999 9999 9999 9999 9999 9999 9999 9999 9999 9999 9999 9999 9999 9999 9999 9999 9999 9999 9999 9999 9999 9999 9999 9999 9999 9999 9999 9999 9999 9999 9999 9999 9999
9999 9999 9999 9999 9999 9999 9999 9999 9999 9999 9999 9999 9999 9999 9999 9999 9999 9999 9999 9999 9999 9999 9999 9999 9999 9999 9999 9999 9999 9999 9999 25 9999 9999 9999 9999 9999 9999 9999 9999 9999 9999 87 9999 3 9999 9999 9999 9999 9999 9999 9999 41 9999 9999 9999 9999 9999 9999 9999 9999 9999 9999 9999 9999 32 9999 9999 9999 9999 9999 9999 9999 9999 9999 9999 9999 9999 9999 9999 9999 9999 9999 9999 9999 9999 9999 9999 9999 9999 9999 9999 9999 9999 9999 9999 9999 9999 9999 9999
9999 41 9999 9999 9999 9999 23 9999 9999 9999 9999 9999 9999 9999 9999 9999 9999 9999 9999 9999 9999 9999 9999 91 9999 9999 9999 9999 9999 9999 9999 9999 9999 9999 44 9999 9999 9999 9999 9999 9999 9999 9999 9999 9999 9999 9999 9999 9999 9999 9999 9999 9999 9999 9999 9999 9999 9999 9999 9999 9999 9999 9999 9999 9999 9999 40 9999 9999 9999 9999 9999 9999 9999 9999 9999 9999 9999 7 9999 9999 9999 9999 9999 9999 9999 9999 9999 9999 9999 87 9999 9999 9999 36 9999 9999 9999 87 9999
9999 9999 9999 9999 74 9999 9999 9999 9999 9999 9999 9999 9999 9999 9999 9999 9999 91 9999 9999 9999 9999 9999 9999 86 9999 9999 9999 9999 9999 9999 9999 66 9999 9999 20 95 9999 9999 9999 9999 9999 9999 9999 9999 9999 84 9999 9999 9999 9999 9999 9999 9999 9999 9999 9999 90 9999 9999 9999 9999 9999 9999 9999 9999 9999 9999 9999 9999 9999 9999 9999 9999 9999 9999 7 9999 9999 9999 32 9999 9999 9999 9999 49 9999 9999 9999 9999 68 9999 8 9999 9999 17 9999 9999 9999 9999
9999 9999 12 9999 9999 9999 9999 9999 9999 9999 74 9999 9999 9999 9999 9999 9999 9999 9999 9999 9999 9999 9999 9999 9999 9999 9999 9999 60 9999 9999 9999 9999 9999 9999 9999 9999 9999 9999 9999 9999 9999 9999 9999 9999 9999 9999 9999 9999 9999 9999 9999 9999 9999 9999 9999 9999 9999 9999 9999 9999 9999 9999 9999 9999 9999 9999 9999 9999 9999 9999 9999 9999 9999 9999 9999 9999 9999 9999 9999 9999 9999 9999 9999 9999 9999 9999 9999 9999 9999 9999 9999 9999 9999 9999 9999 9999 9999 9999 9999
9999 9999 9999 9999 9999 9999 9999 9999 98 9999 9999 9999 9999 9999 9999 9999 48 9999 36 9999 9999 9999 9999 9999 9999 9999 9999 9999 9999 9999 9999 9999 9999 9999 9999 9999 9999 9999 9999 9999 9999 9999 9999 9999 9999 11 9999 9999 9999 9999 9999 9999 9999 9999 9999 9999 9999 9999 9999 9999 9999 9999 9999 9999 9999 9999 9999 37 9999 9999 56 26 9999 9999 9999 9999 9999 9999 9999 9999 9999 93 9999 9999 9 9999 9999 84 9999 9999 9999 9999 9999 9999 9999 9999 9999 9999 9999 9999
9999 9999 9999 9999 9999 9999 9999 9999 9999 9999 26 9999 9999 9999 9999 9999 9999 9999 9999 9999 9999 9999 9999 9999 9999 9999 9999 9999 28 9999 9999 9999 76 9999 9999 9999 9999 9999 9999 9999 9999 9999 9999 9999 9999 9999 9999 9999 9999 9999 9999 9999 9999 9999 9999 9999 9999 9999 9999 9999 9999 9999 9999 9999 9999 9999 9999 9999 9999 9999 9999 9999 74 9999 9999 9999 9999 9999 9999 9999 9999 9999 9999 9999 9999 9999 9999 9999 9999 9999 9999 9999 9999 82 9999 9999 9999 9999 9999 9999
9999 9999 9999 9999 9999 51 9999 9999 9999 9999 9999 54 9999 9999 9999 9999 9999 70 9999 9999 9999 9999 9999 9999 9999 9999 9999 9999 9999 9999 9999 9999 9999 9999 9999 9999 9999 9999 9999 9999 9999 9999 9999 9999 9999 9999 9999 9999 9999 9999 9999 9999 9999 9999 9999 94 35 9999 9999 9999 9999 9999 9999 9999 9999 9999 9999 9999 9999 9999 9999 9999 9999 9999 9 9999 9999 9999 9999 9999 9999 9999 9999 9999 9999 9999 9999 9999 9999 9999 9999 9999 9999 9999 9999 9999 9999 9999 9999 9999
9999 9999 9999 9999 9999 9999 9999 9999 99 9999 9999 9999 9999 9999 9999 9999 9999 9999 9999 9999 9999 9999 9999 9999 9999 9999 9999 9999 9999 9999 89 9999 96 9999 9999 80 9999 9999 9999 9999 9999 9999 9999 9999 9999 9999 9999 9999 9999 9999 9999 9999 9999 28 9999 9999 76 9999 32 9999 9999 9999 9999 9999 9999 9999 9999 9999 9999 57 9999 9999 9999 9999 9999 9999 9999 9999 9999 9999 9999 9999 9999 9999 9999 9999 74 9999 9999 9999 9999 9999 9999 9999 9999 9999 9999 9999 9999 9999
9999 9999 9999 9999 9999 9999 9999 9999 9999 9999 9999 9999 28 46 9999 9999 92 9999 9999 9999 9999 9999 9999 9999 47 9999 93 9999 9999 9999 9999 9999 9999 9999 9999 9999 9999 9999 9999 9999 9999 9999 9999 9999 9999 9999 45 9999 9999 9999 9999 9999 9999 9999 9999 9999 9999 9999 9999 40 9999 9999 9999 9999 9999 9999 9999 9999 9999 9999 9999 9999 9999 50 9999 43 9999 9999 9999 9999 9999 9999 9999 26 9999 9999 9999 16 9999 9999 9999 9999 9999 9999 9999 9999 9999 9999 9999 9999
9999 9999 9999 9999 9999 9999 9999 9999 9999 9999 9999 9999 9999 9999 9999 9999 9999 9999 9999 9999 9999 9999 9999 9999 9999 9999 9999 9999 9999 9999 9999 9999 9999 9999 9999 9999 9999 9999 9999 9999 9999 9999 9999 9999 9999 9999 9999 9999 9999 9999 9999 38 9999 70 9999 9999 9999 9999 9999 9999 9999 9999 37 9999 9999 9999 9999 9999 9999 9999 9999 9999 9999 9999 9999 9999 9999 9999 9999 9999 9999 9999 9999 9999 9999 9999 9999 9999 9999 9999 9999 9999 9999 9999 9999 19 9999 9999 9999 9999
9999 31 9999 9999 9999 9999 9999 84 9999 9999 9999 9999 9999 9999 9999 43 9999 9999 9999 9999 9999 9999 9999 9999 53 9999 34 9999 53 9999 9999 9999 9999 9999 9999 9999 9999 9999 9999 9999 9999 9999 9999 9999 9999 9999 9999 9999 9999 9999 9999 9999 9999 9999 10 9999 9999 9999 9999 9999 9999 9999 9999 9999 9999 9999 9999 9999 9999 9999 9999 9999 9999 9999 9999 9999 9999 9999 9999 9999 31 9999 9999 9999 5 9999 9999 9999 54 9999 9999 9999 9999 9999 9999 9999 9999 9999 9999 9999
9999 9999 9999 9999 9999 87 9999 88 9999 9999 9999 9999 9999 9999 9999 9999 9999 9999 9999 9999 9999 9999 45 9999 9999 9999 9999 9999 9999 9999 9999 9999 8 9999 9999 9999 9999 9999 9999 9999 9999 9999 9999 9999 9999 9999 9999 9999 9999 9999 9999 9999 9999 9999 47 9999 9999 9999 9999 9999 9999 9999 9999 9999 9999 57 9999 9999 9999 9999 9999 30 9999 9999 9999 9999 9999 9999 9999 9999 9999 9999 80 9999 9999 9999 9999 9999 9999 9999 9999 9999 9999 9999 9999 9999 9999 9999 9999 9999
9999 58 9999 9999 9999 75 9999 9999 9999 9999 9999 9999 9999 9999 9999 9999 9999 9999 9999 9999 9999 9999 9999 9999 9999 9999 9999 18 62 33 9999 9999 78 9999 9999 9999 100 9999 9999 9999 9999 9999 9999 9999 9999 9999 56 9999 14 9999 9999 9999 9999 9999 9999 9999 9999 9999 9999 9999 9999 9999 56 9999 9999 9999 9999 9999 9999 9999 9999 9999 9999 9999 9999 9999 9999 9999 60 9999 9999 9999 9999 9999 9999 9999 9999 9999 9999 9999 9999 9999 9999 9999 9999 9999 62 9999 9999 9999
9999 9999 9999 43 9999 9999 9999 9999 9999 9999 46 9999 87 9999 9999 9999 9999 9999 9999 9999 9999 9999 9999 9999 9999 9999 9999 9999 9999 9999 9999 9999 9999 9999 9999 9999 9999 9999 9999 9999 9999 9999 9999 54 9999 9999 9999 9999 9999 9999 9999 9999 9999 9999 9999 9999 9999 9999 9999 9999 9999 9999 26 9999 9999 9999 9999 9999 9999 30 9999 9999 9999 9999 9999 9999 9999 9999 9999 9999 9999 9999 9999 9999 9999 9999 9999 9999 9999 9999 9999 9999 9999 9999 9999 9999 9999 9999 9999 9999
9999 13 9999 9999 9999 9999 9999 9999 9999 9999 9999 9999 9999 9999 9999 9999 9999 9999 9999 9999 9999 9999 90 9999 9999 9999 9999 9999 9999 9999 9999 9999 9999 9999 9999 9999 73 19 9999 9999 9999 9999 9999 9999 9999 9999 9999 9999 9999 9999 9999 9999 9999 9999 9999 67 9999 9999 9999 9999 9999 9999 9999 74 9999 9999 9999 9999 9999 9999 9999 9999 9999 9999 9999 9999 9999 9999 9999 9999 83 9999 9999 9999 9999 9999 9999 9999 62 9999 9999 9999 9999 9999 9999 9999 9999 9999 9999 9999
9999 9999 9999 9999 9999 9999 9999 9999 9999 9999 9999 9999 9999 23 9999 9999 9999 9999 9999 9999 9999 9999 9999 9999 9999 9999 9999 9999 9999 9999 9999 9999 9999 61 9999 9999 9999 9999 9999 9999 9999 9999 9999 9999 9999 9999 9999 9999 9999 9999 9999 9999 9999 9999 9999 9999 9999 9999 9999 9999 9999 9999 9999 9999 9999 9999 50 9999 9999 9999 9999 9999 9999 9999 9999 5 9999 9999 81 9999 9999 84 9999 9999 9999 9999 9999 9999 73 9999 9999 9999 9999 9999 9999 9999 9999 36 9999 9999
9999 9999 9999 9999 9999 9999 9999 9999 9999 9999 9999 9999 58 9999 9999 9999 9999 9999 9999 9999 9999 9999 9999 9999 9999 48 9999 76 60 9999 88 9999 9999 9999 9999 9999 35 9999 18 9999 9999 9999 9999 9999 9999 9999 9999 9999 9999 9999 9999 9999 9999 9999 9999 68 9999 9999 9999 9999 9999 9999 9999 9999 9 9999 9999 9999 9999 9999 9999 9999 9999 9999 9999 9999 9999 9999 9999 9999 22 9999 9999 40 9999 9999 9999 9999 9999 9999 9999 9999 27 36 9999 9999 9999 9999 9999 49
9999 9999 9999 9999 9999 9999 9999 9999 9999 9999 9999 9999 9999 9999 9999 9999 9999 9999 9999 9999 9999 9999 9999 9999 9999 9999 9999 9999 9999 9999 9999 9999 9999 9999 9999 9999 9999 9999 9999 9999 9999 9999 9999 9999 9999 9999 9999 46 9999 93 9999 9999 9999 9999 9999 31 9999 9999 9999 9999 9999 9999 9999 9999 9999 9999 43 9999 9999 9999 9999 9999 9999 5 9999 9999 9999 9999 9999 9999 9999 9999 9999 9999 9999 9999 9999 58 9999 9999 9999 9999 9999 9999 9999 9999 9999 9999 9999 9999
9999 9999 9999 9999 9999 9999 9999 9999 9999 9999 9999 90 9999 9999 9999 9999 9999 9999 9999 9999 9999 9999 9999 9999 9999 9999 9999 9999 9999 9999 9999 9999 19 9999 9999 9999 9999 9999 9999 9999 9999 9999 9999 9999 9999 9999 9999 9999 9999 9999 9999 9999 9999 93 9999 9999 9999 9999 9999 9999 7 9999 9999 9999 9999 9999 9999 9999 9999 9999 9999 9999 9999 9999 9999 9999 9999 9999 9999 9999 9999 9999 9999 9999 9999 9999 9999 9999 9999 9999 9999 9999 9999 9999 9999 9999 9999 9999 9999 9999
9999 9999 9999 9999 9999 9999 9999 9999 9999 9999 9999 9999 9999 9999 9999 9999 9999 9999 9999 9999 9999 9999 9999 9999 68 9999 9999 9999 9 9999 9999 9999 9999 88 9999 9999 9999 26 9999 9999 9999 9999 55 9999 9999 9999 9999 9999 9999 9999 9999 9999 9999 75 9999 9999 9999 9999 9999 9999 9999 9999 9999 9999 9999 9999 9999 9999 9999 9999 9999 9999 9999 9999 9999 9999 9999 9999 9999 9999 9999 9999 9999 9999 9999 9999 9999 9999 9999 9999 9999 9999 9999 9999 9999 9999 9999 9999 9999 9999
9999 9999 9999 9999 9999 9999 9999 9999 96 9999 9999 9999 9999 9999 9999 9999 9999 9999 23 9999 23 9999 9999 9999 9999 9999 9999 9999 9999 9999 9999 9999 9999 9999 9999 9999 9999 9999 9999 9999 9999 48 9999 9999 9999 9999 31 9999 9999 9999 64 9999 9999 9999 9999 9999 9999 9999 9999 7 9999 9999 9999 9999 9999 9999 9999 9999 9999 9999 60 9999 9999 81 9999 9999 9999 9999 9999 9999 9999 9999 9999 9999 9999 9999 9999 9999 9999 9999 9999 9999 62 9999 9999 9999 9999 9999 9999 9999
9999 9999 9999 9999 9999 9999 9999 9999 9999 9999 10 9999 9999 2 9999 9999 36 9999 9999 87 9999 9999 9999 9999 9999 9999 9999 9999 9999 9999 10 9999 9999 9999 9999 9999 97 9999 9999 9999 9999 9999 28 9999 9999 9999 9999 31 9999 9999 9999 9999 9999 70 9999 9999 9999 9999 9999 9999 9999 9999 9999 9999 9999 9999 9999 9999 9999 9999 9999 9999 9999 9999 9999 9999 9999 9999 9999 9999 9999 9999 9999 9999 9999 9999 9999 9999 9999 9999 9999 100 9999 9999 9999 9999 9999 9999 9999 9999
9999 9999 9999 9999 9999 9999 9999 9999 9999 9999 9999 9999 9999 9999 9999 9999 9999 9999 9999 9999 9999 9999 9999 9999 9999 9999 9999 9999 9999 9999 9999 9999 9999 9999 33 9999 18 9999 9999 9999 9999 9999 9999 9999 9999 9999 65 9999 9999 9999 9999 9999 9999 9999 9999 79 9999 9999 9999 9999 32 9999 9999 9999 9999 9999 9999 9999 31 9999 9999 9999 83 9999 22 9999 9999 9999 9999 9999 9999 9999 9999 9999 9999 9999 9999 9999 9999 9999 42 9999 9999 19 54 9999 9999 9999 9999 9999
9999 44 9999 9999 9999 9999 9999 9999 9999 9999 9999 9999 9999 9999 100 9999 9999 9999 9999 9999 9999 9999 9999 9999 9999 9999 37 9999 9999 9999 53 9999 1 9999 9999 9999 9999 9999 9999 9999 9999 9999 9999 9999 9999 9999 9999 9999 9999 9999 9999 9999 9999 9999 9999 9999 89 9999 9999 9999 9999 9999 93 9999 9999 9999 9999 9999 9999 9999 9999 9999 9999 84 9999 9999 9999 9999 9999 9999 9999 9999 9999 9999 9999 9999 9999 9999 9999 9999 9999 9999 9999 9999 9999 9999 9999 9999 9999 33
9999 9999 9999 9999 9999 9999 9999 9999 9999 9999 9999 9999 9999 9999 9999 9999 9999 9999 9999 9999 9999 9999 9999 9999 9999 9999 9999 9999 9999 44 15 9999 9999 9999 18 9999 9999 9999 9999 9999 9999 9999 9999 9999 9999 9999 9999 16 9999 9999 9999 9999 9999 9999 9999 9999 9999 9999 9999 9999 9999 9999 9999 9999 9999 9999 9999 9999 9999 80 9999 9999 9999 9999 9999 9999 9999 9999 9999 9999 9999 9999 9999 9999 9999 9999 9999 9999 9999 9999 9999 9999 9999 9999 9999 9999 9999 9999 9999 9999
9999 9999 9999 86 9999 9999 9999 9999 9999 9999 9999 9999 9999 9999 9999 9999 9999 9999 9999 9999 9999 59 9999 9999 9999 9999 9999 9999 9999 74 10 9999 9999 9999 9999 9999 9999 9999 9999 9999 9999 9999 9999 9999 9999 9999 9999 9999 9999 9999 9999 9999 9999 9999 9999 9999 9999 9999 9999 9999 9999 9999 9999 9999 9999 9999 26 9999 9999 9999 9999 9999 9999 9999 40 9999 9999 9999 9999 9999 9999 9999 9999 9999 9999 9999 9999 9999 9999 9999 9999 9999 90 9999 9999 9999 9999 9999 34 9999
9999 9999 9999 9999 9999 62 9999 9999 9999 9999 9999 9999 9999 9999 9999 9999 72 9999 9999 9999 9999 9999 9999 80 9999 9999 9999 9999 9999 16 9999 9999 100 9999 9999 9999 9999 9999 9999 26 9999 74 9999 9999 9999 9999 9999 9999 9999 9999 9999 9999 9999 9999 9999 9999 52 9999 9999 9999 9999 9999 9 9999 9999 9999 9999 9999 5 9999 9999 9999 9999 9999 9999 9999 9999 9999 9999 9999 9999 9999 9999 9999 9999 9999 9999 9999 9999 2 9999 9999 9999 64 9999 9999 9999 9999 9999 9999
9999 9999 9999 9999 9999 9999 9999 9999 9999 18 9999 44 9999 9999 9999 9999 9999 9999 9999 9999 9999 9999 9999 55 9999 9999 9999 9999 9999 9999 9999 9999 9999 9999 9999 9999 9999 9999 9999 9999 9999 9999 9999 9999 9999 9999 9999 9999 9999 9999 9999 9999 9999 58 9999 9999 9999 9999 9999 9999 49 9999 9999 9999 9999 9999 9999 9999 9999 9999 9999 9999 9999 9999 9999 9999 9999 9999 9999 9999 9999 9999 9999 9999 9999 9999 9999 9999 9999 9999 9999 9999 9999 9999 9999 9999 9999 9999 9999 9999
9999 9999 9999 9999 9999 9999 9999 9999 9999 21 99 9999 9999 9999 9999 9999 9999 9999 9999 9999 9999 64 9999 9999 9999 9999 9999 9999 9999 79 9999 9999 9999 9999 9999 9999 9999 9999 76 9999 9999 9999 73 9999 9999 9999 9999 9999 9999 9999 9999 9999 9999 9999 9999 9999 9999 9999 9999 9999 9999 9999 9999 9999 9999 74 9999 9999 9999 9999 9999 9999 9999 9999 9999 9999 9999 9999 9999 9999 9999 9999 9999 9999 9999 9999 9999 9999 9999 9999 9999 9999 9999 9999 9999 9999 9999 9999 9999 9999
9999 9999 9999 9999 9999 9999 57 9999 9999 9999 9999 9999 9999 9999 9999 9999 9999 9999 11 9999 9999 9999 9999 9999 9999 9999 9999 9999 9999 9999 9999 9999 9999 9999 9999 9999 9999 9999 9999 9999 9999 9999 9999 9999 9999 9999 9999 9999 9999 9999 9999 9999 9999 9999 9999 9999 9999 9999 9999 9999 9999 9999 84 9999 9999 9999 16 9999 9999 9999 9999 9999 9999 9999 9999 58 9999 9999 9999 9999 9999 9999 9999 9999 9999 9999 9999 9999 9999 9999 9999 9999 89 9999 9999 9999 9999 68 9999 55
9999 41 9999 9999 9999 9999 9999 9999 9999 9999 9999 9999 9999 9999 9999 9999 74 9999 9999 9999 9999 39 9999 9999 9999 9999 9999 9999 4 9999 9999 9999 9999 9999 9999 9999 9999 23 9999 9999 9999 9999 9999 9999 9999 9999 9999 9999 9999 9999 9999 9999 9999 9999 9999 9999 9999 9999 9999 9999 9999 9999 9999 9999 9999 9999 9999 9999 54 9999 9999 9999 62 73 9999 9999 9999 9999 9999 9999 9999 9999 9999 9999 9999 9999 9999 9999 9999 9999 38 9999 9999 53 9999 9999 9999 94 9999 9999
9999 9999 9999 9999 9999 9999 9999 9999 9999 9999 9999 9999 9999 9999 9999 9999 9999 29 9999 9999 9999 23 9999 9999 9999 9999 9999 25 9999 9999 9999 9999 9999 9999 9999 9999 9999 9999 9999 9999 9999 9999 9999 9999 100 9999 9999 9999 9999 75 9999 9999 9999 9999 9999 9999 9999 9999 9999 9999 9999 9999 9999 9999 9999 9999 9999 9999 9999 9999 9999 9999 9999 9999 9999 9999 9999 9999 9999 9999 9999 9999 9999 9999 2 9999 9999 9999 9999 9999 9999 9999 9999 9999 9999 9999 9999 9999 9999 9999
9999 9999 9999 9999 9999 9999 9999 9999 9999 9999 9999 24 9999 9999 54 9999 9999 9999 9999 9999 9999 9999 9999 9999 9999 9999 9999 9999 9999 83 9999 9999 9999 9999 9999 9999 9999 9999 9999 9999 9999 9999 97 9999 9999 9999 33 9999 9999 9999 9999 9999 9999 9999 9999 9999 9999 9999 9999 87 68 9999 9999 9999 9999 9999 9999 9999 9999 9999 9999 9999 9999 9999 9999 9999 9999 9999 9999 9999 42 9999 9999 9999 9999 9999 9999 9999 38 9999 9999 9999 9999 9999 9999 9999 9999 9999 9999 54
9999 9999 9999 9999 9999 9999 9999 9999 9999 75 9999 9999 9999 9999 9999 9999 9999 9999 9999 9999 9999 45 9999 9999 9999 56 9999 9999 9999 9999 9999 9999 9999 9999 9999 9999 9999 9999 9999 9999 9999 9999 9999 9999 9999 9999 9999 9999 9999 9999 9999 9999 9999 9999 9999 9999 9999 9999 9999 9999 9999 9999 9999 9999 9999 9999 9999 9999 9999 9999 9999 9999 9999 9999 9999 9999 9999 9999 9999 100 9999 9999 9999 9999 9999 9999 9999 9999 9999 9999 9999 9999 55 9999 9999 9999 63 9999 9999 9999
9999 9999 9999 9999 9999 9999 9999 66 9999 9999 9999 9999 9999 9999 9999 9999 9999 9999 9999 83 9999 9999 9999 9999 9999 9999 9999 9999 9999 9999 59 9999 94 9999 9999 9999 71 9999 70 9999 9999 9999 9999 9999 9999 9999 9999 9999 99 90 9999 9999 9999 9999 9999 9999 9999 9999 9999 9999 8 9999 9999 9999 9999 9999 9999 9999 9999 9999 9999 9999 9999 9999 27 9999 9999 9999 62 9999 9999 9999 9999 90 9999 9999 9999 89 9999 9999 9999 55 9999 9999 9999 9999 9999 9999 89 14
9999 9999 9999 9999 9999 9999 9999 9999 9999 9999 9999 9999 9999 9999 9999 9999 9999 9999 9999 9999 9999 79 9999 9999 9999 9999 9999 9999 9999 9999 9999 9999 9999 9999 9999 9999 9999 9999 9999 9999 9999 9999 9999 9999 9999 88 9999 9999 95 9999 9999 46 9999 9999 9999 9999 18 9999 9999 9999 9999 9999 9999 82 9999 9999 9999 9999 9999 9999 9999 9999 9999 9999 36 9999 9999 9999 9999 9999 19 9999 9999 9999 64 9999 9999 9999 53 9999 9999 9999 9999 9999 9999 9999 9999 9999 9999 9999
9999 9999 9999 9999 9999 9999 9999 9999 9999 9999 9999 9999 9999 9999 9999 9999 9999 9999 9999 9999 9999 23 9999 9999 9999 9999 9999 9999 9999 9999 9999 9999 9999 9999 9999 9999 9999 9999 9999 9999 9999 9999 9999 9999 9999 9999 9999 14 9999 9999 9999 9999 9999 19 9999 9999 9999 9999 9999 36 9999 9999 9999 9999 9999 9999 9999 9999 9999 9999 9999 9999 9999 9999 9999 9999 9999 9999 9999 9999 54 9999 9999 9999 9999 9999 9999 9999 9999 9999 9999 9999 9999 9999 9999 9999 7 9999 30 9999
9999 14 9999 9999 9999 9999 9999 9999 9999 9999 9999 9999 9999 9999 9999 9999 9999 9999 9999 31 9999 9999 9999 9999 9999 9999 9999 9999 9999 64 9999 58 9999 9999 9999 9999 9999 9999 9999 9999 9999 9999 9999 9999 9999 9999 9999 9999 9999 9999 9999 9999 9999 9999 9999 9999 9999 9999 9999 9999 17 9999 9999 9999 9999 9999 9999 19 9999 9999 9999 9999 9999 9999 9999 9999 9999 9999 9999 9999 9999 9999 9999 9999 9999 9999 9999 9999 9999 9999 9999 9999 9999 9999 9999 9999 9999 9999 9999 9999
9999 14 9999 9999 9999 9999 9999 9999 9999 9999 9999 47 9999 9999 9999 9999 9999 21 9999 9999 9999 9999 9999 9999 9999 9999 9999 9999 9999 9999 9999 9999 9999 9999 9999 9999 10 9999 9999 9999 9999 9999 9999 84 9999 9999 9999 9999 9999 9999 9999 9999 9999 9999 9999 9999 9999 9999 9999 9999 9999 9999 9999 9999 9999 9999 9999 9999 9999 9999 62 9999 9999 9999 9999 9999 9999 9999 9999 9999 9999 9999 9999 9999 9999 9999 9999 9999 9999 9999 9999 63 9999 9999 7 9999 9999 9999 9999 9999
9999 9999 9999 9999 9999 10 9999 9999 9999 1 9999 9999 9999 9999 9999 9999 9999 9999 9999 85 9999 9999 9999 9999 9999 9999 9999 9999 79 9999 9999 9999 9999 9999 9999 9999 9999 9999 9999 9999 9999 9999 9999 9999 9999 9999 73 9999 9999 9999 53 9999 33 9999 9999 9999 9999 9999 9999 9999 9999 9999 9999 9999 9999 9999 9999 9999 9999 9999 9999 9999 9999 36 9999 9999 9999 9999 9999 9999 9999 9999 9999 9999 9999 9999 9999 68 94 9999 9999 9999 9999 9999 9999 9999 9999 9999 9999 9999
9999 9999 9999 9999 9999 9999 9999 9999 53 9999 9999 9999 9999 9999 9999 9999 9999 9999 9999 9999 9999 9999 9999 9999 9999 28 9999 9999 9999 9999 9999 9999 9999 9999 9999 9999 9999 9999 9999 9999 9999 9999 9999 9999 9999 9999 9999 9999 9999 9999 9999 9999 9999 9999 9999 9999 9999 9999 9999 87 9999 9999 9999 9999 9999 9999 9999 9999 9999 9999 9999 9999 9999 9999 9999 9999 9999 9999 9999 9999 9999 9999 9999 34 9999 9999 9999 9999 9999 9999 9999 9999 89 9999 30 9999 9999 9999 9999 72
9999 9999 9999 9999 9999 9999 9999 9999 9999 9999 9999 9999 9999 9999 9999 9999 9999 9999 9999 9999 9999 9999 9999 9999 9999 9999 9999 9999 9999 9999 9999 9999 9999 9999 9999 9999 9999 9 9999 9999 9999 9999 9999 9999 19 9999 9999 9999 9999 9999 9999 9999 9999 9999 9999 9999 9999 9999 9999 9999 9999 9999 9999 9999 9999 9999 9999 9999 9999 9999 9999 9999 9999 9999 49 9999 9999 9999 9999 9999 9999 33 9999 9999 9999 9999 9999 55 9999 9999 54 9999 14 9999 9999 9999 9999 9999 72 9999
