100
9999 9999 9999 9999 9999 9999 9999 9999 9999 9999 9999 9999 9999 9999 9999 9999 9999 9999 9999 9999 9999 9999 9999 9999 9999 9999 9999 9999 9999 9999 9999 9999 9999 9999 9999 9999 9999 9999 9999 9999 9999 9999 9999 9999 9999 9999 9999 9999 9999 9999 9999 9999 9999 9999 9999 9999 9999 9999 9999 9999 9999 9999 9999 9999 9999 9999 9999 9999 9999 9999 9999 9999 9999 9999 9999 9999 9999 9999 9999 9999 9999 9999 9999 9999 9999 9999 9999 9999 9999 9999 9999 9999 9999 9999 9999 9999 9999 9999 9999 9999
9999 9999 9999 9999 9999 9999 9999 9999 9999 9999 9999 9999 9999 9999 9999 9999 9999 9999 9999 9999 9999 9999 9999 9999 9999 9999 9999 87 9999 9999 9999 9999 9999 9999 9999 9999 9999 9999 9999 9999 9999 9999 9999 9999 9999 9999 9999 9999 9999 9999 9999 9999 9999 9999 9999 9999 9999 9999 9999 9999 100 9999 9999 9999 9999 9999 9999 9999 9999 9999 9999 9999 9999 9999 9999 9999 9999 9999 9999 9999 9999 9999 9999 9999 9999 9999 9999 9999 9999 9999 9999 9999 9999 9999 9999 9999 9999 9999 9999 9999
9999 9999 9999 9999 9999 12 9999 9999 9999 9999 9999 9999 9999 9999 64 9999 9999 9999 9999 9999 9999 9999 81 9999 24 71 9999 9999 9999 9999 9999 49 9999 9999 100 9999 9999 9999 9999 9999 9999 9999 9999 97 9999 9999 9999 9999 9999 9999 9999 9999 9999 9999 78 9999 99 9999 9999 9999 9999 9999 9999 9999 9999 9999 9999 59 9999 9999 9999 9999 9999 9999 9999 9999 9999 9999 9999 9999 9999 9999 9999 9999 4 9999 47 9999 9999 9999 9999 9999 9999 9999 9999 9999 9999 9999 9999 9999
9999 9999 9999 9999 9999 9999 9999 9999 9999 68 42 9999 9999 1 9999 9999 9999 9999 9999 18 9999 9999 9999 9999 9999 9999 9999 9999 64 9999 9999 9999 9999 9999 9999 9999 9999 9999 92 9999 9999 9999 12 9999 9999 9999 9999 9999 9999 9999 9999 75 9999 9999 17 9999 9999 46 9999 9999 9999 9999 9999 60 9999 9999 9999 9999 9999 9999 9999 9999 9999 9999 9999 9999 9999 9999 76 9999 9999 9999 9999 9999 9999 9999 9999 9999 9999 61 41 9999 9999 9999 9999 9999 9999 9999 9999 9999
9999 9999 9999 9999 9999 9999 9999 9999 9999 9999 9999 9999 9999 9999 9999 9999 9999 9999 19 9999 9999 9999 9999 9999 9999 9999 9999 95 9999 9999 9999 9999 48 9999 66 9999 9999 9999 9999 9999 90 9999 9 9999 9999 9999 9999 9999 9999 9999 9999 71 9999 9999 9999 9999 9999 9999 9999 9999 9999 9999 9999 9999 9999 6 9999 39 9999 9999 9999 9999 9999 9999 9999 9999 9999 9999 9999 9999 9999 9999 9999 9999 9999 9999 9999 100 9999 9999 9999 9999 90 9999 9999 9999 9999 9999 9999 9999
9999 9999 12 9999 9999 9999 9999 9999 9999 9999 9999 9999 9999 9999 9999 9999 9999 3 9999 30 7 9999 9999 9999 9999 9999 9999 9999 9999 9999 9999 9999 9999 9999 9999 9999 9999 9999 9999 9999 9999 9999 9999 9999 9999 9999 9999 9999 9999 9999 9999 9999 9999 9999 9999 9999 65 9999 9999 52 9999 9999 9999 9999 9999 9999 9999 9999 9999 9999 9999 9999 9999 9999 9999 9999 9999 9999 9999 68 9999 9999 9999 34 97 9999 9999 9999 9999 9999 9999 9999 9999 52 48 9999 9999 9999 9999 9999
9999 9999 9999 9999 9999 9999 9999 9999 9999 9999 9999 9999 9999 9999 9999 9999 9999 9999 18 9999 61 9999 9999 9999 9999 9999 9999 9999 9999 9999 9999 9999 9999 9999 9999 1 9999 9999 9999 9999 9999 9999 9999 9999 9999 96 9999 9999 9999 9999 9999 3 9999 66 9999 9999 57 9999 9999 9999 9999 9999 9999 9999 50 99 9999 9999 9999 9999 61 9999 52 9999 9999 9999 9999 9999 9999 9999 9999 9999 9999 9999 9999 9999 9999 9999 9999 9999 9999 9999 9999 9999 9999 9999 9999 67 60 9999
9999 9999 9999 9999 9999 9999 9999 9999 9999 9999 9999 9999 9999 9999 9999 9999 9999 9999 9999 9999 9999 9999 39 9999 9999 9999 9999 87 9999 23 9999 9999 9999 98 61 9999 9999 9999 9999 59 9999 9999 9999 9999 9999 9999 9999 91 9999 9999 9999 9999 9999 9999 9999 9999 9999 57 41 38 9999 9999 9999 17 9999 9999 9999 9999 57 9999 31 9999 9999 9999 9999 9999 9999 9999 9999 9999 89 9999 9999 9999 9999 9999 81 91 9999 9999 9999 90 9999 9999 94 9999 9999 9999 36 9999
9999 9999 9999 9999 9999 9999 9999 9999 9999 9999 9999 9999 9999 9999 9999 9999 9999 9999 9999 9999 9999 9999 9999 9999 9999 9999 9999 26 9999 28 9999 9999 9999 6 9999 9999 31 9999 9999 9999 9999 9999 9999 9999 71 9999 9999 32 9999 9999 9999 9999 9999 77 9999 9999 9999 9999 9999 9999 9999 9999 4 9999 9999 9999 9999 9999 9999 9999 41 9999 9999 9999 83 9999 9999 9999 9999 9999 9999 9999 9999 9999 9999 9999 9999 9999 9999 9999 9999 9999 9999 9999 9999 9999 16 9999 9999 9999
9999 9999 9999 68 9999 9999 9999 9999 9999 9999 9999 9999 9999 9999 9999 9999 9999 9999 9999 9999 9999 9999 15 51 6 9999 9999 9999 9999 98 9999 9999 9999 9999 9999 9999 9999 9999 9999 9999 9999 85 53 9999 9999 9999 9999 15 9999 82 9999 9999 9999 71 18 9999 9999 9999 9999 9999 9999 9999 9999 9999 9999 9999 9999 9999 9999 98 9999 9999 9999 9999 9999 9999 9999 9999 9999 9999 9999 9999 9999 9999 9999 9999 9999 9999 9999 9999 9999 91 9999 9999 9999 9999 9999 9999 9999 41
9999 9999 9999 42 9999 9999 9999 9999 9999 9999 9999 9 9999 9999 9999 9999 9999 9999 9999 9999 9999 9999 9999 9999 9999 9999 9999 83 9999 9999 9999 9999 9999 6 34 9999 9999 9999 9999 9999 9999 9999 9999 9999 9999 9999 9999 9999 9999 9999 9999 51 9999 9999 9999 9999 9999 9999 9999 31 9999 9999 9999 9999 38 9999 9999 9999 9999 9999 9999 9999 9999 9999 59 9999 9999 9999 9999 9999 9999 9999 9999 9999 9999 9999 9999 9999 9999 9999 9999 9999 9999 9999 9999 9999 9999 9999 9999 9999
9999 9999 9999 9999 9999 9999 9999 9999 9999 9999 9 9999 9999 9999 9999 9999 9999 9999 9999 9999 9999 9999 5 9999 9999 15 9999 9999 9999 9999 5 9999 9999 9999 9999 9999 9999 9999 9999 9999 51 9999 9999 9999 9999 9999 9999 9999 9999 9999 9999 10 9999 9999 9999 9999 9999 9999 9999 40 9999 9999 9999 9999 9999 93 9999 9999 9999 9999 22 86 5 86 9999 9999 17 9999 9999 9999 9999 9999 10 9999 9999 9999 9999 9999 9999 9999 9999 9999 9999 9999 22 80 9999 9999 9999 47
9999 9999 9999 9999 9999 9999 9999 9999 9999 9999 9999 9999 9999 9999 9999 9999 9999 9999 9999 9999 88 81 9999 36 9999 9999 59 9999 9999 47 9999 9999 9999 9999 9999 9999 9999 9999 90 9999 9999 9999 9999 9999 9999 9999 9999 9999 9999 9999 9999 9999 9999 9999 9999 9999 9999 9999 9999 9999 9999 9999 9999 9999 9999 9999 9999 80 9999 9999 9999 9999 9999 9999 9999 9999 9999 29 9999 9999 9999 56 9999 9999 9999 9999 9999 9999 9999 9999 33 9999 9999 9999 9999 9999 9999 9999 15 9999
9999 9999 9999 1 9999 9999 9999 9999 9999 9999 9999 9999 9999 9999 9999 9999 9999 9999 18 9999 9999 9999 9999 9999 9999 9999 9999 69 9999 9999 9999 9999 9999 9999 9999 9999 9999 9999 9999 9999 87 7 9999 9999 9999 9999 9999 9999 9999 9999 9999 9999 9999 9999 9999 9999 9999 9999 9999 21 9999 48 9999 9999 9999 9999 31 28 9999 9999 9999 9999 9999 9999 9999 9999 9999 9999 9999 9999 9999 92 9999 9999 9999 9999 9999 9999 9999 9999 9999 9999 9999 9999 9999 9999 9999 31 9999 9999
9999 9999 64 9999 9999 9999 9999 9999 9999 9999 9999 9999 9999 9999 9999 9999 9999 9999 19 9999 20 9999 9999 9999 9999 9999 9999 9999 9999 9999 10 9999 9999 9999 9999 9999 9999 9999 9999 9999 9999 9999 9999 9999 9999 37 9999 9999 9999 9999 9999 9999 9999 9999 9999 60 9999 9999 9999 9999 9999 79 9999 9999 9999 9999 9999 9999 9999 9999 9999 9999 9999 9999 9999 9999 9999 9999 9999 9999 51 92 9999 9999 9999 9999 9999 9999 9999 9999 9999 9999 9999 9999 9999 9999 9 9999 9999 9999
9999 9999 9999 9999 9999 9999 9999 9999 9999 9999 9999 9999 9999 9999 9999 9999 9999 9999 88 44 9999 91 25 9999 9999 9999 100 9999 9999 9999 33 9999 9999 9999 9999 9999 9999 9999 9999 9999 9999 9999 9999 9999 9999 9999 9999 9999 9999 9999 9999 9999 9999 9999 29 9999 9999 9999 92 42 9999 9999 9999 9999 9999 9999 9999 9999 9999 9999 9999 9999 9999 9999 9999 9999 9999 9999 9999 41 9999 9999 9999 9999 9999 65 9999 36 88 9999 9999 9999 9999 9999 9999 9999 9999 9999 9999 9999
9999 9999 9999 9999 9999 9999 9999 9999 9999 9999 9999 9999 9999 9999 9999 9999 9999 34 9999 9999 9999 9999 9999 9999 9999 9999 82 9999 9999 9999 9999 51 9999 9999 9999 9999 9999 9999 9999 9999 9999 9999 11 9999 9999 9999 9999 51 9999 9999 9999 9999 9999 43 9999 1 9999 22 9999 9999 9999 9999 9999 9999 9999 9999 9999 9999 9999 9999 9999 9999 100 11 9999 9999 1 9999 9999 9999 9999 6 9999 9999 9999 9999 9999 9999 9999 46 9999 9999 9999 27 9999 9999 9999 9999 9999 9999
9999 9999 9999 9999 9999 3 9999 9999 9999 9999 9999 9999 9999 9999 9999 9999 34 9999 9999 9999 18 9999 45 71 9999 57 9999 12 9999 9999 9999 9999 9999 9999 9999 9999 9999 9999 63 9999 9999 9999 9999 9999 9999 9999 9999 9999 9999 9999 9999 13 9999 9999 11 9999 9999 9999 9999 9999 9999 9999 9999 9999 88 9999 9999 9999 40 9999 49 9999 9999 9999 9999 9999 9999 9999 9999 9999 9999 9999 9999 9999 9999 9999 9999 9999 9999 9999 9999 21 9999 9999 9999 9999 9999 87 9999 9999
9999 9999 9999 9999 19 9999 18 9999 9999 9999 9999 9999 9999 18 19 88 9999 9999 9999 9999 9999 9999 9999 9999 12 9999 9999 9999 9999 10 9999 9999 9 9999 9999 9999 9999 35 9999 28 9999 9999 9999 9999 9999 9999 9999 9999 9999 9999 9999 9999 26 9999 9999 9999 9999 9999 9999 9999 9999 9999 9999 9999 9999 9999 9999 9999 9999 9999 9999 9999 9999 9999 9999 9999 9999 9999 9999 9999 9999 9999 9999 9999 9999 9999 9999 9999 9999 9999 24 9999 9999 9999 1 9999 9999 9999 9999 9999
9999 9999 9999 18 9999 30 9999 9999 9999 9999 9999 9999 9999 9999 9999 44 9999 9999 9999 9999 9999 9999 9999 9999 9999 78 9999 9999 9999 9999 9999 9999 9999 9999 57 9999 9999 26 9999 9999 9999 9999 9999 9999 9999 9999 9999 9999 9999 9999 9999 9999 9999 48 15 9999 9999 9999 9999 51 31 97 9999 9999 9999 9999 9999 9999 9999 9999 9999 31 9999 9999 9999 9999 9999 9999 9999 9999 9999 9999 9999 9999 9999 9999 9999 9999 9999 9999 9999 9999 9999 9999 9999 9999 64 9999 9999 9999
9999 9999 9999 9999 9999 7 61 9999 9999 9999 9999 9999 88 9999 20 9999 9999 18 9999 9999 9999 9999 9999 68 9999 9999 9999 9999 9999 7 9999 9999 9999 9999 9999 9999 9999 9999 9999 9999 9999 1 9999 9999 9999 9999 9999 9999 53 9999 9999 50 9999 9999 9999 9999 9999 9999 9999 9999 9999 9999 9999 9999 9999 9999 9999 9999 9999 9999 9999 9999 9999 9999 9999 9999 9999 9999 9999 9999 9999 9999 9999 9999 55 9999 9999 9999 9999 9999 9999 9999 9999 9999 9999 9999 9999 9999 9999 9999
9999 9999 9999 9999 9999 9999 9999 9999 9999 9999 9999 9999 81 9999 9999 91 9999 9999 9999 9999 9999 9999 9999 53 9999 65 9999 9999 9999 9999 9999 40 16 9999 9999 9999 9999 9999 85 9999 9999 9999 17 9999 9999 9999 9999 9999 9999 9999 39 90 9999 9999 46 9999 9999 9999 9999 9999 9999 9999 9999 9999 14 9999 9999 9999 9999 9999 9999 55 9999 9999 9999 9999 9999 9999 9999 9999 9999 9999 9999 9999 79 9999 9999 9999 9999 18 9999 9999 9999 9999 9999 80 3 9999 9999 9999
9999 9999 81 9999 9999 9999 9999 39 9999 15 9999 5 9999 9999 9999 25 9999 45 9999 9999 9999 9999 9999 9999 9999 14 13 9999 9999 9999 9999 9999 9999 9999 9999 9999 9999 9999 58 9999 9999 9999 99 9999 9999 9999 9999 9999 9999 9999 9999 82 9999 9999 9999 9999 9999 9999 96 9999 9999 9999 95 9999 9999 9999 9999 9999 9999 9999 9999 9999 9999 39 9999 9999 48 9999 9999 9999 9999 9999 97 9999 9999 9999 45 9999 9999 9999 9999 9999 9999 50 9999 9999 9999 9999 9999 9999
9999 9999 9999 9999 9999 9999 9999 9999 9999 51 9999 9999 36 9999 9999 9999 9999 71 9999 9999 68 53 9999 9999 9999 9999 9999 9999 9999 9999 9999 56 81 9999 9999 60 9999 9999 9999 6 9999 9999 9999 9999 9999 9999 43 9999 9999 9999 9999 9999 9999 9999 9999 9999 9999 9999 9999 9999 9999 9999 9999 9999 9999 9999 9999 9999 9999 78 9999 9999 9999 99 57 9999 9999 9999 9999 9999 94 34 9999 9999 9999 9999 9999 9999 9999 9999 9999 9999 9999 9999 9999 9999 9999 67 9999 85
9999 9999 24 9999 9999 9999 9999 9999 9999 6 9999 9999 9999 9999 9999 9999 9999 9999 12 9999 9999 9999 9999 9999 9999 9999 94 9999 9999 9999 9999 9999 9999 9999 9999 35 9999 9999 9999 9999 100 90 60 9999 9999 9999 72 9999 9999 9999 9999 9999 33 37 54 9999 29 9999 9999 9999 9999 9999 53 42 9999 9999 9999 9999 9999 9999 9999 9999 9999 9999 9999 81 85 50 43 9999 9999 9999 9999 9999 9999 9999 9999 9999 9999 9999 9999 9999 9999 9999 9999 9999 9999 9999 7 9999
9999 9999 71 9999 9999 9999 9999 9999 9999 9999 9999 15 9999 9999 9999 9999 9999 57 9999 78 9999 65 14 9999 9999 9999 9999 16 9999 9999 65 9999 9999 9999 9999 9999 9999 9999 9999 21 9999 9999 26 9999 96 9999 9999 9999 9999 9999 9999 9999 9999 9999 9999 9999 9999 9999 9999 9999 9999 9999 9999 9999 9999 9999 9999 9999 9999 9999 9999 9999 76 9999 9999 9999 9999 9999 9999 62 9999 9999 9999 37 9999 12 9999 9999 9999 9999 9999 9999 9999 9999 9999 9999 9999 9999 9999 9999
9999 9999 9999 9999 9999 9999 9999 9999 9999 9999 9999 9999 59 9999 9999 100 82 9999 9999 9999 9999 9999 13 9999 94 9999 9999 9999 9999 65 9999 9999 9999 9999 9999 9999 9999 9999 9999 9999 9999 83 9999 9999 9999 9999 9999 9999 12 9999 9999 9999 9999 9999 9999 9999 9999 9999 9999 9999 91 9999 73 9999 9999 9999 92 9999 9999 9999 9999 9999 9999 9999 81 9999 9999 9999 9999 9999 9999 9999 9999 9999 9999 9999 9999 9999 9999 9999 77 9999 9999 9999 9999 9999 9999 9999 9999 9999
9999 87 9999 9999 95 9999 9999 87 26 9999 83 9999 9999 69 9999 9999 9999 12 9999 9999 9999 9999 9999 9999 9999 16 9999 9999 9999 9999 9999 9999 9999 9999 26 9999 9999 9999 9999 9999 9999 9999 9999 9999 9999 9999 9999 9999 9999 9999 84 9999 9999 9999 9999 9999 40 9999 9999 9999 100 9999 9999 9999 9999 9999 9999 12 9999 9999 9999 9999 9999 9999 9999 9999 9999 9999 9999 9999 9999 9999 9999 9999 9999 9999 9999 9999 9999 9999 9999 9999 9999 9999 9999 9999 9999 9999 9999 9999
9999 9999 9999 64 9999 9999 9999 9999 9999 9999 9999 9999 9999 9999 9999 9999 9999 9999 9999 9999 9999 9999 9999 9999 9999 9999 9999 9999 9999 9999 9999 9999 9999 9999 9999 9999 9999 9999 9999 9999 76 9999 12 9999 9999 9999 9999 9999 9999 9999 9999 9999 9999 9999 9999 9999 9999 9999 45 9999 9999 9999 14 9999 9999 9999 9999 9999 9999 9999 9999 9999 23 9999 9999 9999 9999 9999 9999 9999 9999 9999 9999 9999 9999 19 28 19 9999 9999 9999 9999 9999 9999 9999 9999 9999 87 9999 9999
9999 9999 9999 9999 9999 9999 9999 23 28 98 9999 9999 47 9999 9999 9999 9999 9999 10 9999 7 9999 9999 9999 9999 9999 65 9999 9999 9999 9999 9999 9999 9999 9999 9999 32 9999 9999 9999 9999 9999 9999 9999 9999 9999 9999 9999 9999 9999 9999 9999 9999 9999 27 9999 9999 9999 9999 95 9999 9999 14 27 9999 9999 9999 9999 9999 88 9999 9999 9999 9999 9999 82 9999 9999 59 9999 9999 9999 9999 9999 9999 75 91 56 9999 9999 9999 9999 9999 9999 9999 9999 9999 9999 9999 9999
9999 9999 9999 9999 9999 9999 9999 9999 9999 9999 9999 5 9999 9999 10 33 9999 9999 9999 9999 9999 9999 9999 9999 9999 65 9999 9999 9999 9999 9999 9999 9999 9999 9999 45 3 53 9999 54 9999 9999 9999 9999 9999 9999 9999 44 9999 9999 9999 9999 9999 9999 9999 43 9999 88 9999 9999 9999 100 9999 9999 24 9999 9999 9999 9999 9999 9999 9999 9999 9999 9999 9999 9999 9999 9999 9999 9999 25 9999 9999 9999 9999 9999 9999 9999 9999 9999 9999 9999 39 5 9999 9999 9999 9999 9999
9999 9999 49 9999 9999 9999 9999 9999 9999 9999 9999 9999 9999 9999 9999 9999 51 9999 9999 9999 9999 40 9999 56 9999 9999 9999 9999 9999 9999 9999 9999 54 45 9999 85 9999 9999 9999 9999 9999 9999 9999 4 9999 9999 9999 9999 9999 99 16 9999 9999 9999 9999 9999 9999 9999 9999 9999 9999 9999 9999 9999 9999 9999 9999 9999 9999 9999 2 9999 9999 9999 44 9999 9999 9999 9999 9999 9999 9999 9999 9999 9999 9999 9999 9999 9999 9999 9999 9999 9999 9999 9999 9999 9999 9999 9999 39
9999 9999 9999 9999 48 9999 9999 9999 9999 9999 9999 9999 9999 9999 9999 9999 9999 9999 9 9999 9999 16 9999 81 9999 9999 9999 9999 9999 9999 9999 54 9999 9999 9999 9999 61 9999 9999 9999 9999 9999 9999 9999 9999 9999 94 9999 9999 31 9999 9999 35 9999 9999 9999 9999 9999 13 9999 9999 9999 9999 9999 9999 9999 9999 9999 9999 9999 9999 9999 9999 9999 9999 9999 9999 9999 9999 9999 9999 9999 9999 12 9999 9999 9999 9999 9999 9999 9999 9999 9999 9999 9999 9999 9999 9999 44 50
9999 9999 9999 9999 9999 9999 9999 98 6 9999 6 9999 9999 9999 9999 9999 9999 9999 9999 9999 9999 9999 9999 9999 9999 9999 9999 9999 9999 9999 9999 45 9999 9999 9999 9999 9999 9999 9999 9999 9999 9999 84 9999 9999 9999 9999 9999 9999 9999 81 9999 9999 84 9999 9999 9999 9999 45 71 9999 1 9999 9999 9999 9999 9999 9999 9999 9999 9999 9999 9999 9999 9999 9999 9999 9999 63 9999 9999 9999 9999 9999 9999 9999 9999 9999 9999 9999 9999 9999 9999 74 9999 9999 79 9999 9999 9999
9999 9999 100 9999 66 9999 9999 61 9999 9999 34 9999 9999 9999 9999 9999 9999 9999 9999 57 9999 9999 9999 9999 9999 9999 9999 26 9999 9999 9999 9999 9999 9999 9999 9999 39 9999 56 9999 9999 9999 20 39 9999 9999 9999 9999 9999 9999 9999 9999 9999 9999 9999 9999 9999 46 9999 9999 9999 9999 72 9999 9999 9999 9999 19 9999 9999 9999 9999 9999 9999 9999 9999 9999 9999 9999 22 9999 9999 9999 9999 9999 9999 9999 89 9999 19 9999 9999 9999 9999 9999 9999 9999 9999 9999 92
9999 9999 9999 9999 9999 9999 1 9999 9999 9999 9999 9999 9999 9999 9999 9999 9999 9999 9999 9999 9999 9999 9999 60 35 9999 9999 9999 9999 9999 45 85 9999 9999 9999 9999 9999 57 85 9999 9999 9999 9999 9999 9999 9999 9999 9 9999 9999 9999 9999 9999 9999 9999 9999 9999 9999 92 9999 9999 75 42 9999 9999 9999 9999 9999 9999 9999 9999 100 9999 9999 9999 9999 9999 9999 9999 9999 19 55 9999 99 9999 9999 9999 9999 9999 9999 9999 24 79 9999 9999 9999 9999 9999 13 9999
9999 9999 9999 9999 9999 9999 9999 9999 31 9999 9999 9999 9999 9999 9999 9999 9999 9999 9999 9999 9999 9999 9999 9999 9999 9999 9999 9999 9999 32 3 9999 61 9999 39 9999 9999 37 9999 9999 9999 9999 9999 9999 9999 60 9999 9999 9999 9999 9999 9999 9999 9999 9999 9999 9999 9999 76 9999 9999 9999 9999 9999 21 84 9999 9999 9999 9999 9999 9999 9999 9999 9999 9999 9999 84 9999 9999 85 9999 9999 9999 9999 9999 9999 9999 29 9999 9999 59 9999 9999 9999 9999 9999 9999 9999 9999
9999 9999 9999 9999 9999 9999 9999 9999 9999 9999 9999 9999 9999 9999 9999 9999 9999 9999 35 26 9999 9999 9999 9999 9999 9999 9999 9999 9999 9999 53 9999 9999 9999 9999 57 37 9999 9999 5 9999 9999 9999 5 9999 9999 9999 9999 9999 98 9999 9999 9999 9999 9999 9999 9999 9999 9999 68 83 9999 9999 9999 9999 9999 9999 9999 9999 9999 9999 9999 9999 9999 9999 9999 9999 2 9999 9999 62 9999 9999 9999 9999 23 9999 9999 72 9999 9999 9999 9999 9999 5 9999 9999 9999 9999 9999
9999 9999 9999 92 9999 9999 9999 9999 9999 9999 9999 9999 90 9999 9999 9999 9999 63 9999 9999 9999 85 58 9999 9999 9999 9999 9999 9999 9999 9999 9999 9999 9999 56 85 9999 9999 9999 9999 9999 9999 9999 9999 9999 9999 9999 9999 9999 44 9999 9999 9999 9999 9999 9999 78 14 9999 9999 50 9999 9999 89 9999 9999 9999 96 9999 9999 9999 9999 9999 9999 59 9999 9999 9999 9999 9999 35 9999 9999 9999 50 9999 9999 9999 9999 9999 9999 9999 9999 9999 9999 9999 37 9999 9999 9999
9999 9999 9999 9999 9999 9999 9999 59 9999 9999 9999 9999 9999 9999 9999 9999 9999 9999 28 9999 9999 9999 9999 6 9999 21 9999 9999 9999 9999 54 9999 9999 9999 9999 9999 9999 5 9999 9999 9999 9999 60 9999 9999 9999 9999 9999 9999 9999 9999 9999 9999 9999 9999 9999 9999 9999 9999 9999 9999 9999 9999 9999 9999 9999 9999 9999 9999 9999 9999 9999 9999 9999 9999 9999 9999 9999 61 9999 9999 9999 9999 9999 9999 9999 9999 9999 9999 9999 9999 9999 42 9999 9999 9999 9999 9999 9999 9999
9999 9999 9999 9999 90 9999 9999 9999 9999 9999 9999 51 9999 87 9999 9999 9999 9999 9999 9999 9999 9999 9999 9999 100 9999 9999 9999 76 9999 9999 9999 9999 9999 9999 9999 9999 9999 9999 9999 9999 9999 9999 21 9999 9999 9999 9999 11 9999 9999 9999 9999 9999 9999 5 9999 9999 9999 22 9999 9999 9999 9999 16 9999 9999 9999 9999 9999 9999 9999 9999 9999 9999 9999 9999 9999 9999 9999 9999 9999 9999 92 9999 9999 1 9999 9999 92 9999 9999 9999 9999 9999 9999 9999 9999 9999 9999
9999 9999 9999 9999 9999 9999 9999 9999 9999 85 9999 9999 9999 7 9999 9999 9999 9999 9999 9999 1 9999 9999 9999 90 9999 83 9999 9999 9999 9999 9999 9999 9999 9999 9999 9999 9999 9999 9999 9999 9999 9999 84 9999 9999 9999 9999 9999 9999 9999 9999 9999 9999 9999 94 9999 10 9999 58 9999 9999 9999 9999 9999 9999 9999 9999 9999 9999 9999 9999 9999 9999 9999 9999 9999 9999 41 9999 9999 76 9999 9999 9999 9999 48 9999 9999 9999 9999 9999 9999 9999 100 35 9999 15 22 9999
9999 9999 9999 12 9 9999 9999 9999 9999 53 9999 9999 9999 9999 9999 9999 11 9999 9999 9999 9999 17 99 9999 60 26 9999 9999 12 9999 9999 9999 9999 84 20 9999 9999 9999 9999 60 9999 9999 9999 9999 9999 9999 9999 9999 59 9999 9999 9999 9999 9999 9999 9999 74 9999 9999 9999 9999 9999 9999 9999 9999 9999 9999 9999 9999 9999 9999 9999 9999 9999 9999 9999 8 9999 91 9999 9999 9999 9999 9999 9999 9999 9999 9999 9999 9999 70 9999 9999 9999 9999 9999 9999 9999 9999 9999
9999 9999 97 9999 9999 9999 9999 9999 9999 9999 9999 9999 9999 9999 9999 9999 9999 9999 9999 9999 9999 9999 9999 9999 9999 9999 9999 9999 9999 9999 9999 4 9999 9999 39 9999 9999 5 9999 9999 21 84 9999 9999 9999 9999 9999 38 9999 9999 9999 9999 9999 9999 9999 9999 9999 9999 9999 9999 9999 17 9999 9999 9999 9999 28 58 9999 9999 9999 9999 9999 9999 9999 9999 9999 9999 9999 24 94 9999 9999 9999 76 44 9999 9999 9999 9999 9999 9999 23 9999 9999 9999 9999 9999 9999 9999
9999 9999 9999 9999 9999 9999 9999 9999 71 9999 9999 9999 9999 9999 9999 9999 9999 9999 9999 9999 9999 9999 9999 9999 9999 96 9999 9999 9999 9999 9999 9999 9999 9999 9999 9999 9999 9999 9999 9999 9999 9999 9999 9999 9999 9999 9999 9999 9999 9999 50 9999 9999 9999 9999 92 9999 9999 9999 9999 9999 9999 9999 9999 9999 9999 9999 9999 9999 9999 9999 9999 20 9999 9999 9999 32 9999 9999 9999 9999 71 9999 9999 9999 9999 8 97 9999 29 9999 9999 9999 9999 9999 9999 9999 9999 9999 9999
9999 9999 9999 9999 9999 9999 96 9999 9999 9999 9999 9999 9999 9999 37 9999 9999 9999 9999 9999 9999 9999 9999 9999 9999 9999 9999 9999 9999 9999 9999 9999 9999 9999 9999 9999 60 9999 9999 9999 9999 9999 9999 9999 9999 9999 9999 9999 65 30 9999 9999 9999 2 36 9999 9999 9999 9999 9999 9999 9999 28 9999 9999 9999 9999 9999 73 9999 9999 9999 9999 9999 9999 9999 9999 9999 9999 9999 9999 9999 9999 9999 77 9999 9999 9999 9999 9999 9999 56 9999 9999 39 9999 9999 9999 89 9999
9999 9999 9999 9999 9999 9999 9999 9999 9999 9999 9999 9999 9999 9999 9999 9999 9999 9999 9999 9999 9999 9999 9999 43 72 9999 9999 9999 9999 9999 9999 9999 94 9999 9999 9999 9999 9999 9999 9999 9999 9999 9999 9999 9999 9999 9999 9999 9999 95 9999 9999 9999 9999 9999 37 9999 9999 9999 9999 9999 9999 9999 70 9999 69 9999 93 9999 76 9999 9999 9999 9999 9999 9999 9999 9999 59 9999 9999 9999 9999 9999 9999 18 9999 9999 9999 9999 9999 9999 9999 9999 9999 9999 9999 82 9999 53
9999 9999 9999 9999 9999 9999 9999 91 32 15 9999 9999 9999 9999 9999 9999 51 9999 9999 9999 9999 9999 9999 9999 9999 9999 9999 9999 9999 9999 44 9999 9999 9999 9999 9 9999 9999 9999 9999 9999 9999 9999 38 9999 9999 9999 9999 85 9999 9999 9999 9999 9999 9999 9999 9999 7 9999 9999 9999 9999 89 9999 9999 9999 9999 93 9999 9999 9999 9999 9999 9999 9999 9999 81 9999 9999 37 9999 9999 9999 9999 9999 83 9999 9999 9999 9999 9999 9999 9999 9999 9999 9999 9999 9999 9999 9999
9999 9999 9999 9999 9999 9999 9999 9999 9999 9999 9999 9999 9999 9999 9999 9999 9999 9999 9999 9999 53 9999 9999 9999 9999 9999 12 9999 9999 9999 9999 9999 9999 9999 9999 9999 9999 9999 9999 9999 11 9999 59 9999 9999 65 9999 85 9999 9999 93 9999 9999 9999 9999 9999 9999 9999 9999 9999 9999 9999 9999 9999 9999 9999 9999 9999 9999 9999 9999 9999 9999 9999 9999 9999 9999 9999 9999 9999 9999 9999 9999 21 9999 59 26 9999 9999 9999 9999 9999 9999 9999 9999 9999 9999 9999 9999 9999
9999 9999 9999 9999 9999 9999 9999 9999 9999 82 9999 9999 9999 9999 9999 9999 9999 9999 9999 9999 9999 9999 9999 9999 9999 9999 9999 9999 9999 9999 9999 99 31 9999 9999 9999 9999 98 44 9999 9999 9999 9999 9999 9999 30 95 9999 9999 9999 9999 9999 9999 9999 9999 9999 9999 9999 9999 9999 9999 9999 9999 9999 9999 9999 9999 95 9999 9999 9999 9999 60 9999 9999 9999 22 9999 9999 9999 9999 9999 9999 9999 9999 91 9999 9999 9999 9999 9999 9999 9999 9999 9999 9999 9999 9999 9999 9999
9999 9999 9999 9999 9999 9999 9999 9999 9999 9999 9999 9999 9999 9999 9999 9999 9999 9999 9999 9999 9999 39 9999 9999 9999 9999 9999 84 9999 9999 9999 16 9999 81 9999 9999 9999 9999 9999 9999 9999 9999 9999 9999 50 9999 9999 9999 93 9999 9999 9999 9999 9999 9999 9999 93 9999 9999 9999 56 9999 12 9999 9999 9999 9999 9999 9999 9999 9999 9999 9999 9999 45 9999 89 40 9999 9999 9999 9999 9999 9999 40 9999 9999 9999 9999 16 9999 9999 9999 9999 67 9999 9999 9999 9999 9999
9999 9999 9999 75 71 9999 3 9999 9999 9999 51 10 9999 9999 9999 9999 9999 13 9999 9999 50 90 82 9999 9999 9999 9999 9999 9999 9999 9999 9999 9999 9999 9999 9999 9999 9999 9999 9999 9999 9999 9999 9999 9999 9999 9999 9999 9999 9999 9999 9999 9999 31 9999 9999 9999 9999 9999 9999 9999 9999 9999 9999 9999 9999 4 9999 9999 9999 9999 9999 9999 9999 9999 9999 9999 9999 72 9999 9999 9999 9999 9999 33 9999 9999 9999 9999 9999 9999 9999 9999 9999 9999 73 9999 9999 9999 9999
9999 9999 9999 9999 9999 9999 9999 9999 9999 9999 9999 9999 9999 9999 9999 9999 9999 9999 26 9999 9999 9999 9999 9999 33 9999 9999 9999 9999 9999 9999 9999 35 9999 9999 9999 9999 9999 9999 9999 9999 9999 9999 9999 9999 9999 9999 9999 9999 9999 9999 9999 9999 9999 9999 9999 9999 9999 9999 9999 9999 9999 22 9999 9999 9999 9999 58 9999 82 9999 36 9999 9999 9999 9999 9999 9999 9999 9999 9999 9999 9999 9999 9999 9999 9999 9999 9999 34 9999 9999 9999 47 9999 9999 9999 9999 9999 9999
9999 9999 9999 9999 9999 9999 66 9999 77 71 9999 9999 9999 9999 9999 9999 43 9999 9999 48 9999 9999 9999 9999 37 9999 9999 9999 9999 9999 9999 9999 9999 84 9999 9999 9999 9999 9999 9999 9999 9999 9999 9999 9999 2 9999 9999 9999 9999 9999 31 9999 9999 9999 9999 9999 9999 9999 9999 9999 9999 9999 9999 12 9999 9999 92 9999 9999 9999 9999 9999 9999 15 9999 9999 9999 9999 9999 9999 9999 84 9999 9999 9999 9999 9999 9999 9999 9999 70 9999 28 9999 80 9999 9999 9999 9999
9999 9999 78 17 9999 9999 9999 9999 9999 18 9999 9999 9999 9999 9999 29 9999 11 9999 15 9999 46 9999 9999 54 9999 9999 9999 9999 27 9999 9999 9999 9999 9999 9999 9999 9999 9999 9999 9999 9999 9999 9999 9999 36 9999 9999 9999 9999 9999 9999 9999 9999 9999 9999 9999 9999 9999 9999 9999 9999 9999 9999 92 9999 9999 9999 9999 9999 9999 9999 9999 9999 9999 9999 9999 9999 9999 9999 96 9999 9999 9999 9999 9999 9999 9999 9999 9999 9999 9999 9999 9999 5 5 90 9999 9999 9999
9999 9999 9999 9999 9999 9999 9999 9999 9999 9999 9999 9999 9999 9999 60 9999 1 9999 9999 9999 9999 9999 9999 9999 9999 9999 9999 9999 9999 9999 43 9999 9999 9999 9999 9999 9999 9999 9999 9999 5 94 9999 9999 92 9999 37 9999 9999 9999 9999 9999 9999 9999 9999 9999 9999 9999 9999 33 9999 9999 9999 48 9999 9999 9999 9999 9999 9999 9999 9999 9999 9999 9999 6 9999 9999 9999 9999 9999 9999 9999 9999 9999 9999 9999 9999 9999 9999 53 9999 9999 9999 9999 9999 9999 9999 9999 9999
9999 9999 99 9999 9999 65 57 9999 9999 9999 9999 9999 9999 9999 9999 9999 9999 9999 9999 9999 9999 9999 9999 9999 29 9999 9999 40 9999 9999 9999 9999 9999 9999 9999 9999 9999 9999 78 9999 9999 9999 74 9999 9999 9999 9999 9999 9999 9999 93 9999 9999 9999 9999 9999 9999 62 9999 9999 9999 9999 9999 9999 1 9999 9999 9999 9999 9999 9999 9999 9999 9999 9999 9999 9999 9999 9999 9999 9999 9999 9999 9999 9999 9999 9999 9999 9999 65 9999 9999 9999 9999 9999 9999 34 9999 9999 55
9999 9999 9999 46 9999 9999 9999 57 9999 9999 9999 9999 9999 9999 9999 9999 22 9999 9999 9999 9999 9999 9999 9999 9999 9999 9999 9999 9999 9999 88 9999 9999 9999 46 9999 9999 9999 14 9999 9999 10 9999 9999 9999 9999 9999 7 9999 9999 9999 9999 9999 9999 9999 9999 62 9999 9999 9999 9999 9999 29 9999 9999 9999 9999 9999 9999 9999 9999 9999 9999 89 9999 9999 9999 9999 9999 9999 9999 9999 9999 9999 9999 9999 9999 9999 9999 9999 9999 9999 9999 9999 9999 9999 9999 9999 22 9999
9999 9999 9999 9999 9999 9999 9999 41 9999 9999 9999 9999 9999 9999 9999 92 9999 9999 9999 9999 9999 9999 96 9999 9999 9999 9999 9999 45 9999 9999 9999 13 45 9999 92 76 9999 9999 9999 9999 9999 9999 9999 9999 9999 9999 9999 9999 9999 9999 9999 9999 9999 9999 9999 9999 9999 9999 9999 9999 9999 9999 9999 9999 9999 9999 9999 9999 9999 4 9999 9999 9999 9999 9999 61 9999 9999 9999 9999 8 9999 9999 9999 9999 9999 9999 9999 9999 9999 9999 9999 9999 9999 9999 9999 9999 74 9999
9999 9999 9999 9999 9999 52 9999 38 9999 9999 31 40 9999 21 9999 42 9999 9999 9999 51 9999 9999 9999 9999 9999 9999 9999 9999 9999 95 9999 9999 9999 71 9999 9999 9999 68 9999 9999 22 58 9999 9999 9999 9999 9999 9999 9999 9999 9999 9999 9999 9999 9999 33 9999 9999 9999 9999 9999 9999 9999 9999 9999 9999 9999 9999 9999 9999 9999 9999 9999 9999 9999 9999 9999 9999 9999 9999 9999 9999 9999 9999 9999 9999 9999 9999 6 9999 9999 9999 9999 9999 9999 9999 9999 9999 9999 9999
9999 100 9999 9999 9999 9999 9999 9999 9999 9999 9999 9999 9999 9999 9999 9999 9999 9999 9999 31 9999 9999 9999 9999 9999 9999 91 100 9999 9999 9999 9999 9999 9999 9999 9999 9999 83 50 9999 9999 9999 9999 9999 9999 9999 9999 9999 9999 9999 56 9999 9999 9999 9999 9999 9999 9999 9999 9999 9999 9999 59 9999 9999 9999 9999 9999 9999 9999 9999 65 9999 9999 9999 9999 2 9999 62 9999 9999 9999 75 9999 9999 9999 9999 9999 9999 9999 9999 9999 9999 9999 9999 9999 9999 9999 9999 9999
9999 9999 9999 9999 9999 9999 9999 9999 9999 9999 9999 9999 9999 48 79 9999 9999 9999 9999 97 9999 9999 9999 9999 9999 9999 9999 9999 9999 9999 100 9999 9999 1 9999 75 9999 9999 9999 9999 9999 9999 9999 17 9999 9999 9999 9999 9999 9999 9999 9999 9999 9999 9999 9999 9999 9999 9999 9999 9999 9999 9999 9999 9999 9999 25 61 9999 9999 9999 9999 9999 9999 9999 9999 9999 9999 9999 9999 9999 9999 9999 9999 9999 9999 9999 9999 9999 9999 9999 11 9999 9999 9999 9999 9999 7 9999 9999
9999 9999 9999 9999 9999 9999 9999 9999 4 9999 9999 9999 9999 9999 9999 9999 9999 9999 9999 9999 9999 9999 95 9999 53 9999 73 9999 14 14 9999 9999 9999 9999 72 42 9999 9999 9999 9999 9999 9999 9999 9999 9999 28 9999 89 9999 9999 12 9999 22 9999 9999 9999 9999 29 9999 9999 59 9999 9999 9999 9999 9999 9999 9999 9999 9999 9999 36 9999 9999 9999 9999 9999 9999 9999 9999 41 9999 9999 66 9999 9999 9999 72 9999 9999 9999 9999 9999 9999 9999 9999 9999 9999 9999 9999
9999 9999 9999 60 9999 9999 9999 17 9999 9999 9999 9999 9999 9999 9999 9999 9999 9999 9999 9999 9999 9999 9999 9999 42 9999 9999 9999 9999 27 9999 9999 9999 9999 9999 9999 9999 9999 89 9999 9999 9999 9999 9999 9999 9999 70 9999 9999 9999 9999 9999 9999 9999 9999 48 9999 9999 9999 9999 9999 9999 9999 9999 9999 9999 9999 76 47 9999 9999 9999 9999 9999 9999 9999 9999 9999 9999 9999 9999 9999 9999 9999 9999 9999 9999 9999 9999 27 9999 9999 9999 9999 9999 9999 9999 9999 74 9999
9999 9999 9999 9999 9999 9999 50 9999 9999 9999 38 9999 9999 9999 9999 9999 9999 88 9999 9999 9999 14 9999 9999 9999 9999 9999 9999 9999 9999 24 9999 9999 9999 9999 9999 21 9999 9999 9999 16 9999 9999 9999 9999 9999 9999 9999 9999 9999 9999 9999 9999 12 92 9999 1 9999 9999 9999 9999 9999 9999 9999 9999 9999 9999 9999 9999 9999 9999 9999 9999 9999 9999 9999 9999 9999 9999 9999 31 9999 9999 9999 9999 9999 9999 9999 16 87 9999 9999 9999 9999 9999 9999 9999 9999 9999 2
9999 9999 9999 9999 6 9999 99 9999 9999 9999 9999 93 9999 9999 9999 9999 9999 9999 9999 9999 9999 9999 9999 9999 9999 9999 9999 9999 9999 9999 9999 9999 9999 9999 9999 9999 84 9999 9999 9999 9999 9999 9999 9999 9999 9999 69 9999 9999 9999 9999 9999 9999 9999 9999 9999 9999 9999 9999 9999 9999 9999 9999 9999 9999 9999 9999 9999 9999 9999 56 9999 9999 9999 74 9999 9999 9999 9999 9999 9999 9999 9999 9999 9999 9999 9999 9999 9999 9999 9999 9999 9999 9999 9999 9999 9999 9999 9999 9999
9999 9999 9999 9999 9999 9999 9999 9999 9999 9999 9999 9999 9999 31 9999 9999 9999 9999 9999 9999 9999 9999 9999 9999 9999 9999 92 9999 9999 9999 9999 9999 9999 9999 9999 9999 9999 9999 9999 9999 9999 9999 9999 28 9999 9999 9999 9999 9999 9999 9999 4 9999 9999 9999 9999 9999 9999 9999 9999 9999 25 9999 9999 9999 9999 9999 9999 9999 32 26 9999 9999 9999 9999 7 9999 9999 9999 9999 9999 9999 9999 9999 9999 9999 9999 9999 9999 9999 9999 9999 9999 9999 9999 9999 9999 9999 9999 9999
9999 9999 59 9999 39 9999 9999 9999 9999 9999 9999 9999 80 28 9999 9999 9999 9999 9999 9999 9999 9999 9999 9999 9999 9999 9999 12 9999 9999 9999 9999 9999 9999 19 9999 9999 9999 96 9999 9999 9999 9999 58 9999 9999 93 93 9999 95 9999 9999 58 92 9999 9999 9999 9999 9999 9999 9999 61 9999 76 9999 9999 9999 9999 9999 9999 74 9999 9999 9999 9999 9999 9999 9999 9999 9999 9999 6 9999 9999 9999 13 52 9999 9999 13 9999 9999 67 9999 9999 9999 9999 9999 9999 9999
9999 9999 9999 9999 9999 9999 9999 57 9999 9999 9999 9999 9999 9999 9999 9999 9999 40 9999 9999 9999 9999 9999 9999 9999 9999 9999 9999 9999 9999 9999 9999 9999 9999 9999 9999 9999 9999 9999 9999 9999 9999 9999 9999 9999 73 9999 9999 9999 9999 9999 9999 9999 9999 9999 9999 9999 9999 9999 9999 9999 9999 9999 47 9999 9999 9999 9999 9999 9999 100 9999 9999 9999 9999 9999 9999 9999 9999 9999 18 9999 9999 9999 9999 9999 9999 16 9999 9999 9999 9999 93 9999 9999 9999 9999 9999 9999 9999
9999 9999 9999 9999 9999 9999 9999 9999 9999 98 9999 9999 9999 9999 9999 9999 9999 9999 9999 9999 9999 9999 9999 78 9999 9999 9999 9999 9999 88 9999 9999 9999 9999 9999 9999 9999 9999 9999 9999 9999 9999 9999 9999 9999 9999 76 9999 9999 9999 9999 9999 82 9999 9999 9999 9999 9999 9999 9999 9999 9999 9999 9999 9999 9999 32 9999 9999 9999 9999 9999 28 37 9999 9999 9999 9999 9999 19 50 9999 9999 9999 9999 9999 9999 9999 76 9999 9999 9999 9999 9999 90 9999 9999 9999 24 42
9999 9999 9999 9999 9999 9999 61 31 41 9999 9999 22 9999 9999 9999 9999 9999 49 9999 9999 9999 9999 9999 9999 9999 9999 9999 9999 9999 9999 9999 2 9999 9999 9999 9999 9999 9999 9999 9999 9999 9999 9999 9999 9999 9999 9999 9999 9999 9999 9999 9999 9999 9999 9999 9999 9999 9999 4 9999 9999 9999 9999 9999 9999 56 26 74 100 9999 9999 76 29 9999 9999 9999 9999 9999 9999 9999 9999 70 9999 9999 9999 9999 9999 29 9999 9999 9999 9999 57 9999 9999 89 9999 9999 9999 9999
9999 9999 9999 9999 9999 9999 9999 9999 9999 9999 9999 86 9999 9999 9999 9999 9999 9999 9999 31 9999 55 9999 9999 9999 9999 9999 9999 9999 9999 9999 9999 9999 9999 9999 100 9999 9999 9999 9999 9999 9999 9999 9999 9999 9999 9999 9999 9999 9999 9999 9999 36 9999 9999 9999 9999 9999 9999 9999 65 9999 36 9999 9999 9999 9999 9999 9999 9999 76 9999 9999 9999 9999 9999 9999 9999 9999 9999 9999 9999 9999 9999 9999 9999 9999 9999 92 9999 9999 9999 9999 9999 9999 9999 21 9999 9999 9999
9999 9999 9999 9999 9999 9999 52 9999 9999 9999 9999 5 9999 9999 9999 9999 100 9999 9999 9999 9999 9999 9999 9999 9999 76 9999 9999 23 9999 9999 9999 9999 9999 9999 9999 9999 9999 9999 9999 9999 9999 9999 9999 20 9999 9999 9999 9999 60 9999 9999 9999 9999 9999 9999 9999 9999 9999 9999 9999 9999 9999 9999 9999 9999 9999 9999 9999 28 29 9999 9999 9999 9999 9999 9999 89 9999 9999 9999 9999 9999 9999 9999 9999 9999 18 9999 9999 9999 9999 41 9999 9999 9999 9999 9999 9999 84
9999 9999 9999 9999 9999 9999 9999 9999 9999 9999 9999 86 9999 9999 9999 9999 11 9999 9999 9999 9999 9999 39 99 9999 9999 9999 9999 9999 9999 9999 9999 9999 9999 9999 9999 9999 9999 9999 9999 9999 9999 9999 9999 9999 9999 9999 9999 9999 9999 9999 9999 9999 9999 9999 9999 9999 89 9999 9999 9999 9999 9999 9999 9999 9999 9999 9999 9999 37 9999 9999 9999 9999 9999 9999 9999 9999 9999 9999 9999 9999 9999 9999 9999 9999 9999 91 67 9999 9999 9999 9999 9999 9999 9999 9999 9999 9999 9999
9999 9999 9999 9999 9999 9999 9999 9999 83 9999 59 9999 9999 9999 9999 9999 9999 9999 9999 9999 9999 9999 9999 57 9999 9999 81 9999 9999 9999 9999 44 9999 9999 9999 9999 9999 9999 59 9999 9999 9999 9999 9999 9999 9999 9999 9999 9999 9999 45 9999 9999 15 9999 9999 9999 9999 9999 9999 9999 9999 9999 9999 9999 74 9999 9999 9999 9999 9999 9999 9999 9999 9999 9999 9999 9999 9999 9999 9999 9999 9999 9999 9999 9999 9999 9999 9999 9999 9999 9999 9999 9999 78 19 9999 9999 9999 9999
9999 9999 9999 9999 9999 9999 9999 9999 9999 9999 9999 9999 9999 9999 9999 9999 9999 9999 9999 9999 9999 9999 9999 9999 81 9999 9999 9999 9999 82 9999 9999 9999 9999 9999 9999 9999 9999 9999 9999 9999 9999 9999 9999 9999 9999 9999 9999 9999 9999 9999 9999 9999 9999 9999 6 9999 9999 9999 9999 9999 9999 9999 9999 9999 9999 7 9999 9999 9999 9999 9999 9999 9999 9999 9999 9999 9999 1 9999 9999 9999 9999 9999 9999 9999 9999 9999 9999 9999 9999 9999 9999 9999 9999 96 9999 13 9999 9999
9999 9999 9999 9999 9999 9999 9999 9999 9999 9999 9999 17 9999 9999 9999 9999 1 9999 9999 9999 9999 9999 48 9999 85 9999 9999 9999 9999 9999 9999 9999 9999 9999 9999 9999 9999 9999 9999 9999 9999 9999 8 9999 32 9999 9999 81 9999 22 89 9999 9999 9999 9999 9999 9999 9999 61 9999 2 9999 9999 9999 9999 9999 9999 9999 9999 9999 9999 9999 9999 9999 9999 9999 9999 9999 9999 47 9999 9999 9999 9999 9999 9999 9999 9999 9999 9999 9999 9999 9999 9999 9999 9999 9999 9999 9999 9999
9999 9999 9999 9999 9999 9999 9999 9999 9999 9999 9999 9999 29 9999 9999 9999 9999 9999 9999 9999 9999 9999 9999 9999 50 9999 9999 9999 9999 9999 9999 9999 9999 9999 9999 9999 84 2 9999 9999 9999 9999 9999 9999 9999 9999 9999 9999 9999 9999 40 9999 9999 9999 9999 9999 9999 9999 9999 9999 9999 9999 9999 9999 9999 9999 9999 9999 9999 9999 9999 9999 89 9999 9999 9999 9999 9999 9999 9999 9999 9999 9999 9999 9999 9999 9999 88 24 9999 9999 9999 9999 9999 9999 9999 37 9999 9999 9999
9999 9999 9999 76 9999 9999 9999 9999 9999 9999 9999 9999 9999 9999 9999 9999 9999 9999 9999 9999 9999 9999 9999 9999 43 9999 9999 9999 9999 59 9999 9999 9999 63 9999 9999 9999 9999 9999 61 9999 41 91 9999 9999 9999 59 9999 9999 9999 9999 72 9999 9999 9999 9999 9999 9999 9999 9999 62 9999 9999 9999 9999 9999 9999 9999 9999 9999 9999 9999 9999 9999 9999 1 9999 9999 9999 9999 9999 9999 9999 9999 9999 9999 9999 80 9999 9999 11 9999 9999 87 9999 9999 9999 83 9999 9999
9999 9999 9999 9999 9999 68 9999 9999 9999 9999 9999 9999 9999 9999 9999 41 9999 9999 9999 9999 9999 9999 9999 9999 9999 62 9999 9999 9999 9999 9999 9999 9999 9999 22 9999 9999 9999 9999 9999 9999 9999 9999 24 9999 9999 9999 37 9999 9999 9999 9999 9999 9999 9999 9999 9999 9999 9999 9999 9999 9999 9999 9999 9999 9999 9999 9999 9999 19 9999 9999 9999 9999 9999 9999 47 9999 9999 9999 9999 9999 9999 9999 9999 9999 9999 9999 9999 9999 9999 9999 9999 9999 9999 9999 9999 9999 9999 9999
9999 9999 9999 9999 9999 9999 9999 89 9999 9999 9999 9999 9999 9999 51 9999 9999 9999 9999 9999 9999 9999 9999 94 9999 9999 9999 9999 9999 9999 9999 9999 9999 9999 9999 19 85 62 35 9999 9999 9999 9999 94 9999 9999 9999 9999 9999 9999 9999 9999 9999 9999 96 9999 9999 9999 9999 9999 9999 9999 41 9999 31 9999 9999 9999 18 50 9999 9999 9999 9999 9999 9999 9999 9999 9999 9999 9999 9999 9999 9999 9999 9999 9999 9999 9999 9999 9999 9999 9999 9999 9999 9999 9999 9999 9999 77
9999 9999 9999 9999 9999 9999 9999 9999 9999 9999 9999 9999 56 92 92 9999 6 9999 9999 9999 9999 9999 9999 34 9999 9999 9999 9999 9999 9999 25 9999 9999 9999 9999 55 9999 9999 9999 9999 9999 76 9999 9999 71 9999 9999 9999 9999 9999 9999 9999 9999 9999 9999 9999 9999 9999 8 9999 9999 9999 9999 9999 9999 9999 9999 6 9999 9999 70 9999 9999 9999 9999 9999 9999 9999 9999 9999 9999 9999 9999 9999 9999 9999 94 9999 9999 9999 9999 9999 9999 11 9999 2 70 9999 9999 9999
9999 9999 9999 9999 9999 9999 9999 9999 9999 9999 9999 10 9999 9999 9999 9999 9999 9999 9999 9999 9999 9999 97 9999 9999 9999 9999 9999 9999 9999 9999 9999 9999 9999 9999 9999 9999 9999 9999 9999 9999 9999 9999 9999 9999 9999 9999 9999 9999 9999 9999 9999 9999 84 9999 9999 9999 9999 9999 9999 75 9999 9999 9999 9999 9999 9999 9999 9999 9999 9999 9999 9999 9999 9999 9999 9999 9999 9999 9999 9999 9999 9999 9999 9999 76 9999 9999 9999 9999 82 9999 91 9999 9999 9999 52 49 9999 9999
9999 9999 9999 9999 9999 34 9999 9999 9999 9999 9999 9999 9999 9999 9999 9999 9999 9999 9999 9999 9999 9999 9999 9999 9999 37 9999 9999 9999 9999 9999 9999 12 9999 9999 99 9999 9999 9999 9999 92 9999 9999 9999 9999 9999 9999 9999 21 9999 9999 9999 9999 9999 9999 9999 9999 9999 9999 9999 9999 9999 66 9999 9999 9999 9999 9999 9999 9999 9999 9999 9999 9999 9999 9999 9999 9999 9999 9999 9999 9999 9999 9999 9999 9999 9999 9999 9999 9999 9999 29 9999 9999 83 9999 9999 9999 9999 77
9999 9999 4 9999 9999 97 9999 9999 9999 9999 9999 9999 9999 9999 9999 9999 9999 9999 9999 9999 55 79 9999 9999 9999 9999 9999 9999 9999 9999 9999 9999 9999 9999 9999 9999 9999 9999 50 9999 9999 9999 9999 76 9999 77 9999 9999 9999 9999 40 33 9999 9999 9999 9999 9999 9999 9999 9999 9999 9999 9999 9999 9999 9999 9999 9999 9999 9999 9999 9999 9999 9999 9999 9999 9999 9999 9999 9999 9999 9999 9999 9999 9999 19 9999 9999 9999 9999 9999 26 9999 9999 9999 9999 9999 9999 9999 9999
9999 9999 9999 9999 9999 9999 9999 9999 9999 9999 9999 9999 9999 9999 9999 65 9999 9999 9999 9999 9999 9999 9999 9999 9999 12 9999 9999 19 75 9999 9999 9999 9999 9999 9999 9999 23 9999 9999 9999 9999 9999 44 9999 9999 18 83 59 91 9999 9999 9999 9999 9999 9999 9999 9999 9999 9999 9999 9999 9999 9999 9999 9999 9999 13 9999 9999 9999 9999 9999 9999 9999 9999 9999 9999 9999 9999 9999 9999 76 9999 19 9999 9999 9999 9999 95 9999 9999 28 9999 9999 9999 57 9999 9999 9999
9999 9999 47 9999 9999 9999 9999 81 9999 9999 9999 9999 9999 9999 9999 9999 9999 9999 9999 9999 9999 9999 45 9999 9999 9999 9999 9999 28 91 9999 9999 9999 9999 9999 9999 9999 9999 9999 9999 1 48 9999 9999 8 9999 9999 9999 26 9999 9999 9999 9999 9999 9999 9999 9999 9999 9999 9999 9999 9999 9999 9999 9999 9999 9999 52 9999 9999 9999 9999 9999 9999 9999 9999 9999 9999 9999 9999 9999 94 9999 9999 9999 9999 9999 9999 18 9999 37 9999 9999 6 9999 65 9999 9999 9999 9999
9999 9999 9999 9999 100 9999 9999 91 9999 9999 9999 9999 9999 9999 9999 36 9999 9999 9999 9999 9999 9999 9999 9999 9999 9999 9999 9999 19 56 9999 9999 9999 9999 89 9999 9999 9999 9999 9999 9999 9999 9999 9999 97 9999 9999 9999 9999 9999 9999 9999 9999 9999 9999 9999 9999 9999 9999 9999 9999 9999 72 9999 9999 9999 9999 9999 16 9999 29 9999 18 91 9999 9999 9999 88 80 9999 9999 9999 9999 9999 9999 9999 9999 9999 9999 9999 9999 9999 9999 73 23 82 9999 9999 9999 9999
9999 9999 9999 9999 9999 9999 9999 9999 9999 9999 9999 9999 9999 9999 9999 88 9999 9999 9999 9999 9999 9999 9999 9999 9999 9999 9999 9999 9999 9999 9999 9999 9999 9999 9999 9999 29 72 9999 9999 9999 9999 9999 9999 9999 9999 9999 9999 9999 9999 9999 9999 9999 9999 9999 9999 9999 9999 9999 6 9999 9999 9999 9999 16 9999 9999 9999 9999 76 9999 92 9999 67 9999 9999 9999 24 9999 9999 9999 9999 9999 9999 9999 9999 18 9999 9999 9999 12 9999 82 9999 9999 29 9999 9999 9999 9999
9999 9999 9999 61 9999 9999 9999 9999 9999 9999 9999 9999 9999 9999 9999 9999 46 9999 9999 9999 9999 18 9999 9999 9999 9999 9999 9999 9999 9999 9999 9999 9999 9999 19 9999 9999 9999 9999 9999 92 9999 9999 9999 29 9999 9999 9999 9999 9999 16 9999 34 9999 9999 9999 65 9999 9999 9999 9999 9999 9999 27 87 9999 9999 13 9999 9999 9999 9999 9999 9999 9999 9999 9999 9999 9999 9999 9999 9999 9999 9999 9999 95 9999 9999 9999 9999 9999 24 9999 9999 9999 9999 50 9999 9999 9999
9999 9999 9999 41 9999 9999 9999 9999 9999 9999 9999 9999 33 9999 9999 9999 9999 9999 24 9999 9999 9999 9999 9999 9999 9999 77 9999 9999 9999 9999 9999 9999 9999 9999 9999 9999 9999 9999 9999 9999 9999 70 9999 9999 9999 9999 9999 9999 9999 9999 9999 9999 9999 9999 53 9999 9999 9999 9999 9999 9999 9999 9999 9999 9999 9999 9999 9999 9999 9999 9999 9999 9999 9999 9999 9999 9999 11 9999 9999 9999 82 9999 9999 9999 37 9999 12 9999 9999 9999 9999 9999 9999 9999 9999 9999 9999 9999
9999 9999 9999 9999 9999 9999 9999 90 9999 91 9999 9999 9999 9999 9999 9999 9999 21 9999 9999 9999 9999 9999 9999 9999 9999 9999 9999 9999 9999 9999 9999 9999 9999 9999 24 59 9999 9999 9999 9999 9999 9999 9999 9999 56 9999 9999 9999 9999 9999 9999 9999 70 9999 9999 9999 9999 9999 9999 9999 11 9999 9999 9999 9999 9999 9999 9999 9999 9999 9999 9999 9999 9999 9999 9999 9999 9999 9999 9999 9999 9999 29 26 9999 9999 9999 9999 24 9999 9999 24 9999 9999 9999 9999 9999 9999 9999
9999 9999 9999 9999 90 9999 9999 9999 9999 9999 9999 9999 9999 9999 9999 9999 9999 9999 9999 9999 9999 9999 9999 9999 9999 9999 9999 9999 9999 9999 9999 9999 9999 9999 9999 79 9999 9999 9999 42 9999 9999 9999 23 9999 9999 9999 9999 9999 9999 9999 9999 9999 9999 9999 9999 9999 9999 9999 9999 9999 9999 9999 9999 9999 9999 9999 67 93 9999 57 9999 41 9999 9999 9999 9999 9999 9999 9999 9999 9999 91 9999 9999 28 9999 9999 82 9999 9999 24 9999 9999 46 9999 9999 9999 19 9999
9999 9999 9999 9999 9999 52 9999 9999 9999 9999 9999 9999 9999 9999 9999 9999 27 9999 9999 9999 9999 9999 50 9999 9999 9999 9999 9999 9999 9999 39 9999 9999 74 9999 9999 9999 9999 9999 9999 9999 9999 9999 9999 9999 9999 9999 9999 9999 9999 9999 9999 47 28 9999 9999 9999 9999 9999 9999 9999 9999 9999 9999 9999 9999 9999 9999 9999 9999 9999 9999 9999 9999 9999 9999 9999 9999 87 9999 9999 11 9999 9999 9999 9999 6 73 9999 9999 9999 9999 9999 9999 9999 9 9999 9999 9999 9999
9999 9999 9999 9999 9999 48 9999 94 9999 9999 9999 22 9999 9999 9999 9999 9999 9999 1 9999 9999 9999 9999 9999 9999 9999 9999 9999 9999 9999 5 9999 9999 9999 9999 9999 9999 5 9999 9999 9999 100 9999 9999 9999 39 9999 9999 9999 9999 67 9999 9999 9999 5 9999 9999 9999 9999 9999 9999 9999 9999 9999 9999 9999 9999 9999 9999 90 9999 9999 9999 9999 78 9999 9999 9999 9999 9999 9999 9999 9999 83 9999 9999 9999 23 9999 9999 9999 9999 46 9999 9999 9999 9999 17 9999 9999
9999 9999 9999 9999 9999 9999 9999 9999 9999 9999 9999 80 9999 9999 9999 9999 9999 9999 9999 9999 9999 80 9999 9999 9999 9999 9999 9999 9999 9999 9999 9999 9999 9999 9999 9999 9999 9999 9999 9999 9999 35 9999 9999 9999 9999 9999 9999 9999 9999 9999 73 9999 80 5 9999 9999 9999 9999 9999 9999 9999 9999 9999 9999 9999 9999 9999 9999 9999 89 9999 9999 9999 19 96 9999 9999 9999 9999 9999 2 9999 9999 9999 9999 65 82 29 9999 9999 9999 9999 9 9999 9999 9999 9999 84 9999
9999 9999 9999 9999 9999 9999 9999 9999 16 9999 9999 9999 9999 9999 9 9999 9999 9999 9999 64 9999 3 9999 9999 9999 9999 9999 9999 9999 9999 9999 9999 9999 79 9999 9999 9999 9999 37 9999 9999 9999 9999 9999 9999 9999 9999 9999 9999 9999 9999 9999 9999 9999 90 9999 34 9999 9999 9999 9999 9999 9999 9999 9999 9999 9999 9999 9999 9999 9999 21 9999 9999 9999 9999 9999 37 9999 9999 9999 70 52 9999 9999 57 9999 9999 9999 50 9999 9999 9999 9999 9999 9999 9999 9999 23 9999
9999 9999 9999 9999 9999 9999 67 9999 9999 9999 9999 9999 9999 31 9999 9999 9999 87 9999 9999 9999 9999 9999 67 9999 9999 9999 9999 87 9999 9999 9999 9999 9999 9999 9999 9999 9999 9999 9999 9999 15 9999 9999 9999 9999 82 9999 9999 9999 9999 9999 9999 9999 9999 9999 9999 9999 9999 9999 9999 7 9999 9999 9999 9999 9999 9999 9999 9999 9999 9999 9999 9999 9999 13 9999 9999 83 9999 9999 9999 49 9999 9999 9999 9999 9999 9999 9999 9999 9999 9999 9999 17 9999 9999 9999 9999 9999
9999 9999 9999 9999 9999 9999 60 36 9999 9999 9999 9999 15 9999 9999 9999 9999 9999 9999 9999 9999 9999 9999 9999 7 9999 9999 9999 9999 9999 9999 9999 44 9999 9999 13 9999 9999 9999 9999 9999 22 9999 9999 9999 89 9999 9999 9999 9999 9999 9999 9999 9999 9999 9999 9999 22 74 9999 9999 9999 9999 74 9999 9999 9999 9999 9999 24 9999 9999 9999 9999 9999 9999 9999 9999 9999 9999 9999 9999 9999 9999 9999 9999 9999 9999 9999 9999 9999 9999 19 9999 9999 84 23 9999 9999 9999
9999 9999 9999 9999 9999 9999 9999 9999 9999 41 9999 47 9999 9999 9999 9999 9999 9999 9999 9999 9999 9999 9999 85 9999 9999 9999 9999 9999 9999 9999 39 50 9999 92 9999 9999 9999 9999 9999 9999 9999 9999 9999 9999 9999 53 9999 9999 9999 9999 9999 9999 9999 9999 9999 55 9999 9999 9999 9999 9999 9999 9999 2 9999 9999 9999 9999 42 9999 9999 84 9999 9999 9999 9999 9999 9999 9999 77 9999 9999 77 9999 9999 9999 9999 9999 9999 9999 9999 9999 9999 9999 9999 9999 9999 9999 9999
