100
9999 9999 9999 9999 9999 9999 9999 9999 9999 9999 9999 9999 9999 9999 9999 9999 9999 9999 9999 9999 9999 9999 9999 9999 9999 9999 9999 9999 9999 9999 9999 9999 9999 9999 9999 9999 9999 9999 9999 9999 9999 9999 9999 9999 9999 9999 9999 9999 9999 9999 9999 9999 9999 9999 9999 9999 9999 9999 9999 9999 9999 9999 9999 9999 9999 9999 9999 9999 9999 9999 9999 9999 9999 9999 9999 9999 9999 9999 9999 9999 9999 9999 9999 9999 9999 9999 9999 9999 9999 9999 9999 9999 9999 9999 9999 9999 9999 9999 9999 9999
9999 9999 9999 43 9999 13 9999 9999 17 51 9999 12 9999 9999 33 64 9999 9999 97 9999 9999 96 9999 18 9999 100 9999 69 9999 25 9999 9999 9999 6 9999 9999 18 9999 9999 9999 9999 60 9999 9999 9999 9999 9999 9999 9999 9999 9999 39 9999 9999 9999 9999 9999 9999 29 9999 9999 9999 9999 9999 9999 9999 86 93 73 9999 57 9999 9999 78 34 9999 9999 9999 9999 9999 9999 90 71 9999 9999 9999 9999 9999 9999 47 9999 96 9999 9999 9999 9999 9999 9999 9999 9999
9999 9999 9999 9999 9999 9999 9999 9999 17 2 9999 9999 48 9999 38 27 9999 9999 9999 9999 63 95 15 9999 9999 9999 9999 9999 73 9999 9999 9999 60 9999 30 9999 9999 9999 9999 9999 9999 33 9999 9999 40 9999 9999 28 9999 9999 9999 9999 9999 75 9999 44 9999 9999 9999 9999 56 30 9999 9999 9999 9999 9999 9999 100 9999 9999 9999 9999 9999 54 9999 9999 9999 9999 9999 9999 9999 9999 9999 9999 9999 9999 42 9999 9999 9999 9999 9999 9999 93 8 82 9999 70 9999
9999 43 9999 9999 9999 9999 52 9999 9999 1 9999 90 9999 9999 9999 9999 9999 84 9999 2 9999 9999 75 9999 9999 93 54 9999 61 9999 9999 9999 53 9999 11 7 9999 9999 69 60 9999 21 83 9999 9999 9999 6 9999 80 9999 9999 9999 21 59 9999 21 34 9999 9999 9999 9999 9999 9999 9999 9999 9999 47 9999 9999 9999 88 9999 9999 9999 9999 9999 9999 77 9999 9999 9999 9999 20 9999 9999 22 66 9999 9999 9999 9999 9999 9999 45 9999 9999 9999 9999 9999 9999
9999 9999 9999 9999 9999 9999 9999 9999 9999 9999 20 9999 70 76 58 9999 9999 85 66 100 9999 9999 9999 9999 9999 9999 9999 9 9999 9999 9999 9999 22 9999 9999 9999 9999 9999 9999 9999 9999 9999 67 61 9999 45 9999 27 9999 72 9999 9999 9999 9999 9999 9999 93 81 9999 30 9999 9999 78 9999 9999 9999 9999 60 99 89 9999 9999 9999 9999 9999 77 98 62 9999 89 9999 9999 9999 9999 9999 9999 20 9999 9999 9999 80 9999 9999 9999 11 46 9999 9999 9999 9999
9999 13 9999 9999 9999 9999 97 72 9999 9999 63 9999 91 9999 9999 39 41 10 9999 93 9999 100 9999 12 9999 99 9999 3 41 97 9999 63 91 55 9999 73 9999 9999 62 9999 70 9999 9999 78 9999 36 9999 9999 35 9999 9999 9999 27 9999 51 9999 55 9999 9999 9999 9999 9999 9999 9999 9999 9999 9999 9999 9999 9999 76 32 9999 9999 40 9999 58 9 9999 9999 9999 9999 89 9999 43 9999 9999 9999 9999 18 34 9999 9999 9999 9999 9999 40 25 9999 9
9999 9999 9999 52 9999 97 9999 9999 9999 9999 9999 9999 44 9999 9999 60 1 9999 75 12 26 9999 9999 9999 9999 9999 75 9999 9999 9999 50 9999 9999 9999 9999 37 91 9999 9999 9999 9999 9999 91 61 9999 13 86 9999 9999 9999 69 9999 9999 9999 9999 74 9999 38 9999 9999 9999 9999 9999 9999 9999 9999 9999 9999 9999 9999 88 29 9999 9999 9999 9999 9999 73 9999 9999 64 56 9999 9999 54 9999 9999 9999 13 9999 9999 9999 9999 9999 9999 9999 9999 9999 29 9999
9999 9999 9999 9999 9999 72 9999 9999 9999 9999 9999 80 9999 9999 41 9999 9999 9999 68 9999 9999 9999 97 9999 9999 9999 9999 11 9999 9999 9999 9999 9999 9999 26 9999 9999 27 9999 9999 9999 9999 9999 9999 9999 47 9999 9999 9999 9999 9999 9999 59 9999 63 9999 81 46 9999 9999 9999 18 23 9999 63 9999 56 9999 9999 9999 9999 9999 9999 9999 92 85 9999 15 9999 9999 9999 43 90 9999 9999 9999 9999 86 22 9999 74 39 9999 9999 9999 9999 95 9999 9999 9999
9999 17 17 9999 9999 9999 9999 9999 9999 9999 9999 9999 9999 67 9999 9999 9999 9999 9999 9999 9999 9999 9999 9999 9999 9999 27 9999 69 9999 9999 9999 94 9999 9999 9999 9999 70 9999 9999 87 19 9999 9999 9999 83 96 9999 9999 9999 9999 9999 9999 56 9999 9999 9999 9999 9999 9999 9999 9999 9999 9999 9999 9999 56 95 9999 9999 39 9999 48 9999 96 32 9999 9999 9999 9999 9999 9999 9999 9999 9999 9999 9999 82 9999 9999 14 9999 9999 67 9999 9999 9999 9999 9999 9999
9999 51 2 1 9999 9999 9999 9999 9999 9999 9999 60 9999 52 9999 9999 9999 9999 9999 9999 9999 9999 9999 9999 9999 9999 9999 9999 9999 69 29 9999 9999 91 9999 9999 89 9999 9999 9999 9999 9999 16 9999 9999 9999 9999 9999 9999 93 88 9999 78 9999 9999 9999 9999 89 40 9999 9999 9999 95 9999 9999 9999 9999 9999 9999 9999 97 9999 59 9999 9999 9999 9999 9999 61 10 9999 9999 9999 9999 9999 9999 9999 9999 9999 9999 9999 5 9999 45 9999 9999 9999 9999 9999 9999
9999 9999 9999 9999 20 63 9999 9999 9999 9999 9999 9999 9999 9999 9999 9999 9999 9999 9999 9999 9999 9999 69 9999 9999 9999 9999 9999 90 9999 9999 21 9999 9999 9999 9999 9999 80 9999 9999 57 52 9999 13 9999 55 9999 9999 9999 46 9999 9999 9 9999 9999 59 9999 38 9999 9999 9999 9999 9999 64 97 9999 9999 9999 12 9999 9999 9999 9999 9999 9999 9999 9999 21 9999 9999 9999 9999 9999 9999 9999 28 9999 9999 11 9999 93 9999 9999 9999 9999 9999 9999 57 9999 87
9999 12 9999 90 9999 9999 9999 80 9999 60 9999 9999 9999 9999 9999 13 98 9999 9999 9999 62 9999 9999 9999 9999 92 64 9999 9999 11 9999 9999 14 9999 32 9999 9999 85 9999 9999 30 90 9999 9999 9999 57 9999 9999 9999 9999 9999 9999 9999 9999 15 9999 76 15 9999 9999 9999 51 9999 9999 9999 9999 90 9999 47 9999 9999 9999 9999 9999 9999 99 9999 95 9999 73 9999 9999 9999 9999 40 9999 9999 9999 9999 9999 9999 9999 9999 9999 9999 9999 9999 1 13 21
9999 9999 48 9999 70 91 44 9999 9999 9999 9999 9999 9999 37 9999 9999 9999 9999 9999 9999 9999 9999 9999 9999 9999 9999 9999 9999 9999 9999 9999 9999 9999 9999 5 9999 9999 9999 9999 9999 9999 96 9999 9999 9999 9999 9999 9999 65 9999 9999 80 48 18 9999 30 9999 9999 9999 9999 46 9999 9999 9999 9999 9999 9999 9999 100 9999 9999 9999 9999 9999 9999 9999 9999 9999 9999 27 97 9999 74 9999 9999 52 9999 64 81 44 80 43 48 8 9999 9999 9999 9999 9999 9999
9999 9999 9999 9999 76 9999 9999 9999 67 52 9999 9999 37 9999 9999 9999 9999 9999 9999 41 9999 9999 9999 47 9999 9999 9999 9999 8 9999 9999 31 9999 99 77 9999 9999 9999 9999 9999 9999 9999 9999 9999 9999 60 9999 9999 9999 6 9999 36 9999 9999 9999 9999 47 9999 9999 9999 9999 9999 9999 9999 43 9999 9999 50 95 9999 17 9999 97 9999 9999 9999 70 9999 76 9999 9999 9999 22 9999 9999 9999 61 94 9999 39 9999 9999 9999 9999 85 9999 9999 9999 9999 9999
9999 33 38 9999 58 9999 9999 41 9999 9999 9999 9999 9999 9999 9999 62 47 9999 9999 9999 9999 9999 9999 28 9999 9999 9999 9999 9999 93 56 67 9999 9999 9999 58 9999 24 9999 9999 9999 9999 9999 9999 66 50 9999 9999 9999 9999 9999 9999 9999 98 9999 9999 28 9999 9999 70 9999 9999 9999 9999 9999 96 9999 9999 9999 88 9999 9999 9999 88 1 9999 50 9999 9999 9999 32 9999 40 9999 9999 9999 9999 51 9999 72 59 9999 14 9999 9999 9999 33 27 9999 93
9999 64 27 9999 9999 39 60 9999 9999 9999 9999 13 9999 9999 62 9999 9999 9999 9999 51 9999 45 1 9999 9999 9999 9999 9999 9999 9999 43 9999 9999 9999 9999 9999 9999 9999 9999 69 9999 9999 9999 9999 27 9999 9999 9999 9999 63 9999 9999 9999 56 9999 9999 9999 33 85 9999 9999 9999 9999 9999 9999 9999 9999 9999 76 9999 9999 9999 9999 9999 14 9999 62 9999 3 12 9999 93 9999 9999 9999 9999 9999 9999 43 9999 38 10 14 9999 66 9999 9999 74 9999 9999
9999 9999 9999 9999 9999 41 1 9999 9999 9999 9999 98 9999 9999 47 9999 9999 9999 9999 9999 9999 9999 9999 9999 92 9999 9999 55 9999 50 73 9999 9999 9999 9999 48 9999 3 9999 17 9999 11 64 9999 9999 9999 9999 9999 34 72 9999 9999 9999 36 9999 9999 9999 9999 52 30 9999 9999 9999 96 9999 9999 9999 9999 9999 9999 9999 9999 9999 9999 9999 39 59 52 9999 35 9999 9999 61 9999 9999 9999 12 49 9999 9999 9999 9999 9999 9999 9999 9999 9999 24 46 75
9999 9999 9999 84 85 10 9999 9999 9999 9999 9999 9999 9999 9999 9999 9999 9999 9999 9999 35 9999 9999 9999 9999 9999 24 91 9999 9999 9999 9999 9999 9999 81 9999 28 9999 9999 61 9999 81 9999 78 16 9999 60 9999 9999 9 9999 26 33 9999 84 9999 9999 9999 9999 9999 9999 9999 9999 99 9999 9999 9999 9999 9999 9999 9999 75 9999 41 46 9999 44 94 9999 9999 9999 9999 9999 15 9999 9999 9999 18 9999 9999 82 42 9999 9999 9999 9999 9999 9999 9999 9999 67
9999 97 9999 9999 66 9999 75 68 9999 9999 9999 9999 9999 9999 9999 9999 9999 9999 9999 9999 9999 12 44 97 9999 9999 9999 9999 9999 45 9999 9999 9999 9999 33 75 9999 9999 29 9999 9999 9999 9999 9999 18 9999 9999 9999 9999 9999 9999 9999 9999 9999 9999 9999 34 75 9999 9999 9999 9999 9999 51 9999 9999 33 9999 9999 96 99 9999 9999 9999 47 9999 9999 1 9999 9999 9999 9999 9999 78 9999 9999 9999 43 9999 21 9999 9999 61 9999 9999 9999 80 7 9999 9999
9999 9999 9999 2 100 93 12 9999 9999 9999 9999 9999 9999 41 9999 51 9999 35 9999 9999 9999 9999 58 9999 9999 9999 9999 9999 9999 9999 9999 9999 9999 50 9999 46 70 24 88 43 9999 9999 9999 9999 9999 9999 9999 9999 9999 38 9999 9999 43 9999 56 9999 9999 9999 9999 9999 9999 65 44 9999 53 9999 9999 9999 9999 52 96 9999 9999 9999 9999 9999 9999 9999 17 9999 9999 5 9999 9999 9999 8 9999 99 9999 9999 9999 52 9999 97 9999 9999 9999 9999 9999 9999
9999 9999 63 9999 9999 9999 26 9999 9999 9999 9999 62 9999 9999 9999 9999 9999 9999 9999 9999 9999 9999 68 70 9999 9999 9999 9999 9999 9999 9999 9999 9999 9999 9999 54 32 9999 9999 9999 9999 9999 63 9999 49 26 9999 9999 9999 9999 9999 9999 9999 9999 9999 9999 30 76 9999 100 41 9999 9999 9999 35 51 9999 90 9999 9999 9999 83 21 9999 9999 9999 9999 35 85 9999 65 9999 9999 44 43 9999 9999 9999 9999 9999 9999 41 80 9999 9999 9999 9999 6 55 34
9999 96 95 9999 9999 100 9999 9999 9999 9999 9999 9999 9999 9999 9999 45 9999 9999 12 9999 9999 9999 9999 9999 9999 9999 9999 93 25 9999 99 83 9999 9999 9999 9999 9999 9999 9999 5 61 9999 9999 9999 71 28 9999 44 30 88 10 9999 9999 9999 9999 35 24 20 9999 9999 9999 9999 11 96 9999 9999 32 8 9999 9999 35 9999 90 58 9999 9999 59 9999 9999 9999 9999 29 19 9999 9999 9999 9999 9999 3 2 37 9999 9999 9999 9999 9999 86 9999 9999 9999
9999 9999 15 75 9999 9999 9999 97 9999 9999 69 9999 9999 9999 9999 1 9999 9999 44 58 68 9999 9999 9999 9999 9999 9999 9999 9999 9999 9999 83 9999 9999 9 9999 95 9999 9999 39 9999 9999 9999 9999 9999 52 9999 9999 87 9999 9999 81 9999 9999 9999 9999 63 9999 9999 9999 9999 9999 9999 9999 9999 92 9999 30 9999 70 9999 29 9999 9999 13 9999 9999 9999 54 98 9999 9999 9999 90 9999 9999 9999 9999 9999 39 14 9999 74 9999 9999 39 22 9999 9999 9999
9999 18 9999 9999 9999 12 9999 9999 9999 9999 9999 9999 9999 47 28 9999 9999 9999 97 9999 70 9999 9999 9999 9999 79 9999 88 9999 9999 9999 9999 9999 27 9999 9999 9999 9999 9999 9999 9999 9999 9999 9999 9999 77 9999 9999 87 47 9999 9999 55 9999 9999 99 9999 9999 9999 14 9999 20 9999 9999 9999 96 9999 9999 9999 9999 9999 33 9999 9999 9999 18 9999 9999 9999 9999 9999 9999 9999 9999 9999 9999 9999 44 9999 9999 9999 9999 9999 9999 22 92 9999 9999 9999 9999
9999 9999 9999 9999 9999 9999 9999 9999 9999 9999 9999 9999 9999 9999 9999 9999 92 9999 9999 9999 9999 9999 9999 9999 9999 9999 19 9999 9999 9999 9999 9999 9999 9999 9999 9999 9999 9999 4 9999 9999 9999 9999 9999 31 9999 9999 9999 42 9999 9999 9999 9999 9999 72 9999 9999 9999 81 9999 9999 94 9999 9999 9999 9999 58 9999 9999 69 86 9999 9999 9999 9999 9999 9999 9999 17 9999 53 9999 9999 9999 9999 9999 9999 9999 9999 9999 10 9999 9999 9999 9999 71 47 9999 9999 9999
9999 100 9999 93 9999 99 9999 9999 9999 9999 9999 92 9999 9999 9999 9999 9999 24 9999 9999 9999 9999 9999 79 9999 9999 9999 90 72 92 9999 9999 72 9999 16 9999 9999 9999 9999 9999 9999 9999 78 9999 9999 9999 9999 9999 9999 9999 26 9999 9999 75 9999 9999 38 8 9999 9999 9999 9999 9999 89 9999 91 9999 71 9999 9999 83 9999 51 9999 57 9999 3 9999 9999 49 9999 7 83 60 9999 42 9999 9999 9999 9999 10 71 9999 9999 9999 9999 9999 9999 9999 50
9999 9999 9999 54 9999 9999 75 9999 27 9999 9999 64 9999 9999 9999 9999 9999 91 9999 9999 9999 9999 9999 9999 19 9999 9999 14 48 9999 9999 9999 71 15 93 9999 9999 9999 9999 9999 9999 9999 9999 66 9999 9999 22 9999 9999 9999 14 9999 61 93 9999 1 9999 59 69 9999 41 9999 9999 9999 9999 9999 9999 9999 69 9999 9999 9999 9999 9999 34 9999 9999 9999 9999 19 9999 9999 9999 9999 9999 9999 9999 9999 9999 9999 9999 9999 9999 9999 9999 9999 8 9999 9999 9999
9999 69 9999 9999 9 3 9999 11 9999 9999 9999 9999 9999 9999 9999 9999 55 9999 9999 9999 9999 93 9999 88 9999 90 14 9999 9999 9999 9999 9999 9999 9999 9999 9999 65 95 9999 71 31 42 50 9999 9999 9999 9999 9999 9999 9999 9999 9 9999 9999 47 9999 9999 9999 9999 9999 9999 9999 51 9999 34 97 9999 9999 9999 9999 9999 9999 9999 66 7 9999 34 9999 9999 9999 9999 9999 9999 9999 57 9999 12 9999 9999 9999 9999 57 7 58 9999 9999 9999 9999 9999 9999
9999 9999 73 61 9999 41 9999 9999 69 9999 90 9999 9999 8 9999 9999 9999 9999 9999 9999 9999 25 9999 9999 9999 72 48 9999 9999 9999 9999 9999 9999 9999 39 9999 9999 40 9999 84 9999 8 9999 9999 9999 9999 9999 9999 92 9999 23 9999 9999 75 10 9999 9999 9999 9999 9999 9999 9999 9999 18 49 9999 30 9999 9999 19 9999 9999 42 9999 9999 9999 9999 9999 9999 79 9999 9999 9999 9999 9999 9999 62 9999 9999 9999 9999 29 9999 9999 9999 9999 9999 3 9999 9999
9999 25 9999 9999 9999 97 9999 9999 9999 69 9999 11 9999 9999 93 9999 50 9999 45 9999 9999 9999 9999 9999 9999 92 9999 9999 9999 9999 9999 9999 9999 9999 9999 22 9999 9999 59 9999 9999 9999 9999 91 32 9999 54 9999 58 34 44 7 9999 9999 14 9999 9999 9999 87 9999 9999 9999 9999 99 9999 9999 9999 9999 31 9999 9999 9999 9999 9999 9999 22 6 9999 81 9999 48 9999 9999 9999 9999 9999 87 11 9999 9999 9999 87 9999 9999 9999 9 9999 9999 9999 89
9999 9999 9999 9999 9999 9999 50 9999 9999 29 9999 9999 9999 9999 56 43 73 9999 9999 9999 9999 99 9999 9999 9999 9999 9999 9999 9999 9999 9999 9999 9999 9999 92 9999 9999 9999 9999 9999 9999 9999 9999 9999 9999 9999 9999 9999 9999 57 9999 9999 9999 16 9999 29 9999 9999 49 79 9999 9999 9999 9999 9999 9999 9999 9999 9999 9999 9999 9999 9999 67 9999 7 9999 9999 9999 24 89 9999 16 78 10 22 9999 9999 31 9999 9999 9999 9999 9999 9999 9999 9999 17 61 9999
9999 9999 9999 9999 9999 63 9999 9999 9999 9999 21 9999 9999 31 67 9999 9999 9999 9999 9999 9999 83 83 9999 9999 9999 9999 9999 9999 9999 9999 9999 9999 9999 77 47 92 9999 9999 9999 9999 66 16 19 9999 9999 9999 9999 9999 9999 9999 9999 9999 9999 9999 9999 9999 9999 78 9999 9999 9999 9999 9999 9999 80 9999 9999 35 9999 9999 9999 9999 9999 82 9999 73 9999 9999 9999 9999 9999 9999 9999 44 11 9999 9999 54 9999 9999 9999 9999 69 9999 9999 9999 9999 9999 9999
9999 9999 60 53 22 91 9999 9999 94 9999 9999 14 9999 9999 9999 9999 9999 9999 9999 9999 9999 9999 9999 9999 9999 72 71 9999 9999 9999 9999 9999 9999 73 9999 9999 82 9999 9999 9999 9999 9999 9999 43 40 9999 9999 9999 20 79 21 9999 9999 9999 9999 9999 9999 9999 39 9999 89 9999 80 9999 9999 9999 9999 9999 74 9999 9999 9999 18 95 9999 9 9999 9999 9999 9999 59 9999 9999 9999 9999 9999 30 9999 9999 9999 9999 9999 5 9999 13 75 9999 9999 9999 9999
9999 6 9999 9999 9999 55 9999 9999 9999 91 9999 9999 9999 99 9999 9999 9999 81 9999 50 9999 9999 9999 27 9999 9999 15 9999 9999 9999 9999 9999 73 9999 9999 9999 69 56 9999 9999 47 9999 9999 9999 9999 9999 63 9999 9999 9999 9999 9999 52 9999 9999 9999 9999 9999 9999 9999 9999 9999 4 9999 72 55 9999 17 94 13 9999 9999 86 100 36 9999 9999 9999 9999 9999 9999 9999 9999 9999 9999 9999 97 57 9999 9999 23 9999 9999 21 6 9999 9999 59 9999 57
9999 9999 30 11 9999 9999 9999 26 9999 9999 9999 32 5 77 9999 9999 9999 9999 33 9999 9999 9999 9 9999 9999 16 93 9999 39 9999 92 77 9999 9999 9999 96 15 9999 81 9999 9999 9999 86 9999 9999 9999 9999 9999 9999 9999 9999 9999 58 9999 25 56 9999 35 22 9999 9999 9999 9999 9999 9999 9999 9999 9999 35 9999 42 9999 9999 9999 9999 9999 9999 11 9999 90 9999 9999 46 94 9999 21 9999 2 9999 9999 9999 1 9999 9999 9999 9999 9999 77 9999 9999
9999 9999 9999 7 9999 73 37 9999 9999 9999 9999 9999 9999 9999 58 9999 48 28 75 46 54 9999 9999 9999 9999 9999 9999 9999 9999 22 9999 47 9999 9999 96 9999 9999 9999 9999 9999 9999 9999 9999 39 9999 9999 9999 9999 9999 9999 9999 76 9999 9999 9999 9999 83 9999 9999 9999 9999 9999 9999 9999 9999 9999 9999 9999 9999 9999 84 61 79 9999 9999 9999 59 9999 9999 9999 83 76 9999 9999 9999 9999 9999 9999 31 9999 90 9999 16 9999 9999 9999 9999 9999 9999 44
9999 18 9999 9999 9999 9999 91 9999 9999 89 9999 9999 9999 9999 9999 9999 9999 9999 9999 70 32 9999 95 9999 9999 9999 9999 65 9999 9999 9999 92 82 69 15 9999 9999 9999 76 9999 9999 10 9999 27 14 9999 50 9999 9999 56 9999 9999 9999 14 9999 65 9999 9999 9999 9999 61 1 50 9999 9999 99 34 9999 9999 9999 9999 64 9999 2 9999 9999 9999 9999 9999 9999 58 9999 9999 9999 9999 9999 9999 9999 9999 9999 65 65 9999 9999 99 20 16 9999 9999 9999
9999 9999 9999 9999 9999 9999 9999 27 70 9999 80 85 9999 9999 24 9999 3 9999 9999 24 9999 9999 9999 9999 9999 9999 9999 95 40 9999 9999 9999 9999 56 9999 9999 9999 9999 91 9999 9999 9999 17 31 9999 9999 9999 9999 77 9999 9999 74 9999 9999 9999 9999 9999 92 29 9999 9999 9999 25 28 31 9999 9999 9999 29 9999 9999 64 9999 89 29 9999 9999 9999 9999 62 9999 80 9999 9999 9999 65 9999 9999 33 9999 89 9999 9999 92 51 63 9999 9999 35 28
9999 9999 9999 69 9999 62 9999 9999 9999 9999 9999 9999 9999 9999 9999 9999 9999 61 29 88 9999 9999 9999 9999 4 9999 9999 9999 9999 59 9999 9999 9999 9999 81 9999 76 91 9999 9999 96 9999 9999 9999 9999 9999 27 9999 9999 9999 9999 28 9999 9999 9999 9999 9999 9999 9999 9999 9999 9999 9999 9999 62 9999 9999 9999 9999 9999 24 9999 20 9999 9999 9999 9999 9999 9999 9999 9999 9999 9999 9999 9999 9999 9999 9999 62 41 9999 9999 57 9999 9999 9999 9999 61 9999 9999
9999 9999 9999 60 9999 9999 9999 9999 9999 9999 9999 9999 9999 9999 9999 69 17 9999 9999 43 9999 5 39 9999 9999 9999 9999 71 84 9999 9999 9999 9999 9999 9999 9999 9999 9999 9999 9999 34 9999 15 9999 9999 9999 9999 18 62 42 9999 9999 9999 9999 86 9999 49 29 9999 9999 9999 9999 9999 9999 9999 9999 9999 9999 9999 9999 9999 25 9999 9999 9999 70 9999 9999 89 9999 15 94 9999 8 9999 44 9999 9999 5 9999 9999 9999 9999 79 9999 9999 9999 9999 9999 9999
9999 9999 9999 9999 9999 70 9999 9999 87 9999 57 30 9999 9999 9999 9999 9999 81 9999 9999 9999 61 9999 9999 9999 9999 9999 31 9999 9999 9999 9999 9999 47 9999 9999 9999 9999 96 34 9999 9999 9999 9999 3 9999 9999 9999 9999 9999 9999 9999 60 9999 9999 9999 9999 67 66 9999 9999 81 9999 9999 9999 7 9999 9999 9999 9999 9999 71 9999 9999 9999 49 9999 9999 9999 97 9999 93 9999 9999 42 9999 22 9999 9999 9999 9999 9999 9999 4 77 9999 9999 9999 9999 9999
9999 60 33 21 9999 9999 9999 9999 19 9999 52 90 96 9999 9999 9999 11 9999 9999 9999 9999 9999 9999 9999 9999 9999 9999 42 8 9999 9999 66 9999 9999 9999 9999 10 9999 9999 9999 9999 9999 19 9999 9 9999 9999 9999 9999 9999 9999 9999 9999 9999 69 9999 9999 9999 9999 9999 9999 9999 9999 9999 9999 9999 9999 9999 9999 9999 9999 9999 90 9999 7 43 9999 9999 9999 9999 9999 16 9999 9999 9999 39 28 9999 9999 9999 8 9999 9999 9999 9999 51 9999 9999 51 9999
9999 9999 9999 83 67 9999 91 9999 9999 16 9999 9999 9999 9999 9999 9999 64 78 9999 9999 63 9999 9999 9999 9999 78 9999 50 9999 9999 9999 16 9999 9999 86 9999 9999 17 9999 15 9999 19 9999 9999 9999 9999 86 9999 9999 9999 9999 9999 9999 9999 9999 9999 9999 56 9999 9999 53 9999 68 58 9999 9999 90 9999 26 9 9999 9999 9999 9999 9999 90 9999 9999 9999 88 96 9999 9999 13 23 9999 9999 9999 9999 9999 9999 9999 9999 9999 9999 9999 9999 9999 9999 9999
9999 9999 9999 9999 61 78 61 9999 9999 9999 13 9999 9999 9999 9999 9999 9999 16 9999 9999 9999 9999 9999 9999 9999 9999 66 9999 9999 91 9999 19 43 9999 9999 39 27 31 9999 9999 9999 9999 9999 9999 63 9999 9999 9999 9999 31 60 30 8 34 9999 9999 43 3 9999 45 9999 3 9999 9999 9999 85 9999 36 9999 99 9999 9999 9999 31 9999 9999 99 9999 9999 9999 9999 9999 9999 9999 53 9999 9999 9999 9999 9999 9999 53 9999 9999 9999 47 9999 52 15 9999
9999 9999 40 9999 9999 9999 9999 9999 9999 9999 9999 9999 9999 9999 66 27 9999 9999 18 9999 49 71 9999 9999 31 9999 9999 9999 9999 32 9999 9999 40 9999 9999 9999 14 9999 9999 9999 3 9 9999 63 9999 60 9999 9999 75 9999 80 9999 9999 56 9999 28 9999 9999 9999 9999 9999 24 9999 9999 20 1 61 68 9999 9999 9999 9999 9999 9999 9999 9999 9999 9999 9999 9999 9999 9999 24 9999 9999 9999 9999 9999 9999 9999 9999 9999 9999 89 9999 81 9999 9999 9999 9999
9999 9999 9999 9999 45 36 13 47 83 9999 55 57 9999 60 50 9999 9999 60 9999 9999 26 28 52 77 9999 9999 9999 9999 9999 9999 9999 9999 9999 9999 9999 9999 9999 9999 9999 9999 9999 9999 9999 9999 60 9999 9999 83 9999 9999 41 72 9999 9999 79 9999 16 3 9999 9999 9999 9999 9999 9999 54 46 9999 9999 9999 9999 9999 9999 9999 9999 9999 16 9999 9999 9999 9999 9999 9999 9999 9999 100 91 9999 9999 9999 18 68 9999 39 9999 9999 58 9999 16 9999 9999
9999 9999 9999 6 9999 9999 86 9999 96 9999 9999 9999 9999 9999 9999 9999 9999 9999 9999 9999 9999 9999 9999 9999 9999 9999 22 9999 9999 54 9999 9999 9999 63 9999 9999 50 9999 27 9999 9999 9999 86 9999 9999 9999 9999 9999 9999 9999 9999 51 9999 85 9999 9999 9999 9999 9999 9999 9999 9999 60 9999 9999 9999 9999 9999 25 9999 9999 9999 9999 51 9999 9999 9999 9999 9999 9999 90 9999 9999 9999 9999 73 60 15 9999 9999 9999 9999 9999 9999 9999 72 9999 9999 88 9999
9999 9999 28 9999 27 9999 9999 9999 9999 9999 9999 9999 9999 9999 9999 9999 9999 9999 9999 9999 9999 44 9999 9999 9999 9999 9999 9999 9999 9999 9999 9999 9999 9999 9999 9999 9999 9999 9999 18 9999 9999 9999 9999 9999 83 9999 9999 9999 94 9999 8 46 9999 9999 9999 9999 9999 1 41 98 9999 68 61 9999 9999 9999 15 9999 5 9999 57 9999 9999 9999 9999 9999 72 9999 9999 9999 9999 9999 9999 9999 9999 9999 9999 9999 9999 9999 9999 88 9999 48 31 9999 37 9999 9999
9999 9999 9999 80 9999 35 9999 9999 9999 9999 9999 9999 65 9999 9999 9999 34 9 9999 9999 9999 30 87 87 42 9999 9999 9999 92 58 9999 9999 20 9999 9999 9999 9999 77 9999 62 9999 9999 9999 9999 75 9999 9999 9999 9999 9999 9999 9999 32 20 9999 9999 9999 9999 9999 67 9999 9999 9999 9999 9999 9999 7 9999 9999 86 9999 9999 35 9999 9999 9999 9999 9999 9999 9999 66 9999 63 9999 9999 9999 52 58 9999 9999 9999 51 14 7 88 9999 9999 9999 9999 9999
9999 9999 9999 9999 72 9999 9999 9999 9999 93 46 9999 9999 6 9999 63 72 9999 9999 38 9999 88 9999 47 9999 9999 9999 9999 9999 34 57 9999 79 9999 9999 9999 56 9999 9999 42 9999 9999 9999 31 9999 9999 9999 94 9999 9999 9999 9999 9999 9999 9999 9999 27 9999 9999 9999 9999 9999 9999 9999 5 9999 63 9999 9999 94 9999 42 9999 9999 9999 9999 9999 92 9999 9999 9999 9999 9999 9999 18 9999 9999 9999 9999 9999 9999 9999 9999 9999 9999 9999 4 9999 9999 9999
9999 9999 9999 9999 9999 9999 69 9999 9999 88 9999 9999 9999 9999 9999 9999 9999 26 9999 9999 9999 10 9999 9999 9999 26 14 9999 23 44 9999 9999 21 9999 9999 9999 9999 9999 9999 9999 9999 9999 9999 60 80 41 9999 9999 9999 9999 9999 9999 9999 95 9999 84 9999 56 9999 9999 9999 9999 9999 9999 4 9999 69 9999 9999 29 9999 9999 66 9999 8 9999 9999 9999 9999 9999 9999 9999 9999 82 9999 9999 9999 14 9999 9999 9999 57 9999 9999 9999 9999 9999 9999 9999 9999
9999 39 9999 9999 9999 9999 9999 9999 9999 9999 9999 9999 80 36 9999 9999 9999 33 9999 9999 9999 9999 81 9999 9999 9999 9999 9 9999 7 9999 9999 9999 9999 9999 76 9999 74 28 9999 9999 9999 9999 30 9999 72 51 8 9999 9999 9999 9999 63 66 9999 9999 9999 9999 9999 59 22 9999 9999 9999 82 9999 9999 9999 9999 9999 9999 9999 9999 9999 9999 9999 9999 9999 71 9999 9999 81 56 9999 9999 9999 9999 9999 37 9999 74 9999 39 1 96 73 9999 9999 9999 18
9999 9999 9999 21 9999 27 9999 59 9999 78 9 9999 48 9999 9999 9999 9999 9999 9999 43 9999 9999 9999 55 9999 9999 61 9999 9999 9999 9999 9999 9999 52 58 9999 9999 9999 9999 9999 60 9999 9999 8 9999 9999 9999 46 32 9999 9999 63 9999 9999 9999 23 9999 9999 9999 9999 9999 9999 49 53 9999 9999 9999 9999 8 9999 9999 9999 9999 9999 9999 9999 9999 9999 9999 9999 80 9999 16 9999 9999 9999 9999 9999 58 94 94 9999 83 9999 9999 9999 78 9999 9999 9999
9999 9999 75 59 9999 9999 9999 9999 56 9999 9999 9999 18 9999 98 56 36 84 9999 9999 9999 9999 9999 9999 9999 75 93 9999 75 9999 16 9999 9999 9999 9999 9999 14 9999 9999 9999 9999 9999 9999 34 56 9999 85 9999 20 9999 95 66 9999 9999 9999 90 35 9999 65 68 9999 9999 9999 9999 34 14 9999 58 9999 9999 9999 9999 58 48 97 9999 9999 24 9999 75 9999 9999 9999 60 9999 9999 9999 9999 9999 9999 9999 9999 9999 9999 9999 9999 9999 50 9999 9999
9999 9999 9999 9999 9999 51 9999 63 9999 9999 9999 15 9999 9999 9999 9999 9999 9999 9999 56 9999 9999 9999 9999 72 9999 9999 47 10 14 9999 9999 9999 9999 25 9999 9999 9999 9999 86 9999 69 9999 9999 9999 79 9999 9999 9999 9999 9999 9999 9999 9999 9999 9999 9999 9999 29 9999 9999 9999 69 9999 9999 9999 9999 9999 9999 9999 9999 9999 9999 9999 49 38 9999 9999 9999 9999 9999 9999 88 9999 9999 24 9999 62 84 9999 9999 9999 9999 24 9999 9999 9999 9999 9999 1
9999 9999 44 21 9999 9999 74 9999 9999 9999 59 9999 30 9999 9999 9999 9999 9999 9999 9999 9999 35 9999 99 9999 9999 1 9999 9999 9999 29 9999 9999 9999 56 9999 65 9999 9999 9999 9999 9999 9999 9999 28 9999 9999 9999 9999 9999 84 9999 23 90 9999 9999 9999 9999 9999 9999 9999 9999 16 26 9999 9999 9999 9999 9999 40 9999 82 9999 9999 85 9999 19 9999 9999 10 21 9999 9999 9999 9999 35 2 9999 9999 42 9999 9999 9999 9999 9999 9999 9999 9999 9999 9999
9999 9999 9999 34 93 55 9999 81 9999 9999 9999 76 9999 47 28 9999 9999 9999 34 9999 30 24 63 9999 9999 38 9999 9999 9999 9999 9999 9999 9999 9999 9999 83 9999 9999 9999 49 9999 9999 9999 43 9999 16 9999 9999 9999 27 9999 9999 9999 35 9999 9999 9999 9999 9999 9999 9999 9999 9999 87 9999 31 9999 9999 9999 9999 64 9999 9999 9999 9999 9999 31 9999 9999 9999 64 9999 9999 9999 9999 9999 9999 9999 9999 9999 9999 9999 9999 9999 4 9999 9999 9999 61 9999
9999 9999 9999 9999 81 9999 38 46 9999 89 38 15 9999 9999 9999 33 9999 9999 75 9999 76 20 9999 9999 9999 8 59 9999 9999 9999 9999 9999 9999 9999 35 9999 9999 92 9999 29 67 9999 56 3 9999 3 9999 9999 9999 9999 56 9999 9999 9999 9999 9999 9999 9999 9999 9999 9999 9999 9999 9999 9999 9999 9999 9999 39 9999 9999 9 9999 9999 9999 9999 9999 74 9999 9999 9999 9999 9999 10 9999 9999 9999 9999 9999 9999 9999 76 9999 9999 64 9999 4 9999 9999 9999
9999 29 9999 9999 9999 9999 9999 9999 9999 40 9999 9999 9999 9999 9999 85 52 9999 9999 9999 9999 9999 9999 9999 81 9999 69 9999 9999 87 49 78 39 9999 22 9999 9999 29 9999 9999 66 9999 9999 9999 9999 9999 9999 1 9999 9999 9999 9999 9999 65 29 9999 9999 9999 9999 9999 9999 9999 9999 76 9999 9999 10 9999 9999 9999 9999 9999 9999 9999 9999 66 9999 9999 9999 9999 26 9999 91 9999 9999 6 9999 42 9999 9999 5 9999 9999 9999 9999 9999 9999 9999 9999 9999
9999 9999 9999 9999 30 9999 9999 9999 9999 9999 9999 9999 9999 9999 70 9999 30 9999 9999 9999 100 9999 9999 14 9999 9999 9999 9999 9999 9999 79 9999 9999 9999 9999 9999 9999 9999 9999 9999 9999 9999 9999 45 9999 9999 9999 41 67 9999 9999 59 9999 68 9999 9999 9999 9999 9999 9999 9999 9999 9999 9999 9999 9999 19 9999 9999 9999 9999 65 27 21 9999 9999 9999 9999 9999 9999 85 73 9999 9999 9999 9999 9999 69 9999 9999 9999 9999 9999 53 32 9999 9999 9999 9999 51
9999 9999 56 9999 9999 9999 9999 9999 9999 9999 9999 9999 46 9999 9999 9999 9999 9999 9999 9999 41 9999 9999 9999 9999 9999 41 9999 9999 9999 9999 9999 89 9999 9999 9999 61 9999 9999 9999 9999 9999 53 9999 9999 9999 9999 98 9999 9999 9999 22 9999 9999 9999 9999 9999 9999 9999 9999 9999 9999 9999 9999 9999 9999 9999 9999 9999 9999 9999 9999 100 97 9999 54 9999 9999 9999 9999 14 9999 9999 66 58 48 9999 9999 9999 10 55 60 9999 9999 9999 9999 40 94 9999 9999
9999 9999 30 9999 9999 9999 9999 18 9999 9999 9999 51 9999 9999 9999 9999 9999 9999 9999 65 9999 9999 9999 20 94 9999 9999 9999 9999 9999 9999 9999 9999 9999 9999 9999 1 9999 9999 9999 81 9999 9999 3 24 9999 9999 9999 9999 9999 9999 9999 9999 9999 9999 9999 9999 9999 9999 9999 9999 9999 9999 9999 9999 52 9999 79 9999 9999 9999 9999 9999 9999 9999 9999 42 9999 9999 9999 9999 9999 9999 9999 87 9999 9999 76 13 9999 9999 9999 9999 9999 9999 68 58 9999 9999 1
9999 9999 9999 9999 78 9999 9999 23 9999 95 9999 9999 9999 9999 9999 9999 9999 99 9999 44 9999 11 9999 9999 9999 9999 9999 51 9999 9999 9999 9999 80 4 9999 9999 50 25 9999 9999 9999 9999 68 9999 9999 9999 60 68 9999 9999 9999 9999 49 9999 69 16 9999 9999 9999 9999 9999 9999 9999 9999 32 9999 9999 9999 30 9999 9999 9999 9999 9999 9999 56 9999 9999 9999 26 9999 46 9999 9999 9999 9999 28 9999 9999 9999 9999 9999 77 9999 20 9999 9999 9999 9999 9999
9999 9999 9999 9999 9999 9999 9999 9999 9999 9999 64 9999 9999 9999 9999 9999 96 9999 51 9999 9999 96 9999 9999 9999 89 9999 9999 18 99 9999 9999 9999 9999 9999 9999 9999 28 9999 9999 9999 9999 58 9999 9999 9999 9999 61 9999 9999 9999 9999 53 9999 9999 26 87 9999 76 9999 9999 9999 9999 9999 9999 9999 9999 9999 56 9999 9999 39 9999 89 9999 9999 9999 9999 7 9999 9999 9999 9999 9999 9999 9999 18 95 9999 62 9999 32 56 89 9999 9999 29 69 9999 9999
9999 9999 9999 9999 9999 9999 9999 63 9999 9999 97 9999 9999 43 9999 9999 9999 9999 9999 53 35 9999 9999 9999 9999 9999 9999 34 49 9999 9999 9999 9999 72 9999 9999 9999 31 62 9999 9999 9999 9999 9999 20 54 9999 9999 9999 5 4 82 9999 34 9999 9999 9999 9999 9999 9999 9999 9999 32 9999 9999 9999 9999 9999 9999 9999 93 9999 43 73 10 9999 9999 9999 31 9999 9999 9999 67 52 9999 9999 54 24 87 9999 9999 9999 9999 70 11 9999 9999 89 32 9999
9999 9999 9999 9999 9999 9999 9999 9999 9999 9999 9999 9999 9999 9999 96 9999 9999 9999 9999 9999 51 9999 92 96 9999 91 9999 97 9999 9999 9999 80 9999 55 9999 9999 99 9999 9999 9999 7 9999 9999 85 1 46 9999 9999 9999 9999 9999 9999 9999 14 9999 9999 31 9999 9999 9999 9999 52 9999 9999 9999 9999 7 88 67 9999 9999 6 98 25 9999 9999 9999 9999 9999 9999 9999 9999 9999 46 9999 38 9999 9999 6 9999 9999 9999 9999 9999 9999 21 100 55 9999 9999
9999 86 9999 47 9999 9999 9999 56 56 9999 9999 90 9999 9999 9999 9999 9999 9999 33 9999 9999 32 9999 9999 58 9999 9999 9999 30 9999 9999 9999 9999 9999 9999 9999 34 9999 9999 9999 9999 9999 90 9999 61 9999 9999 9999 7 63 69 9999 9999 9999 9999 9999 9999 9999 10 19 9999 9999 9999 9999 9999 7 9999 9999 9999 9999 9999 9999 9999 9999 9999 9999 9999 9999 9999 9999 9999 9999 99 9999 9999 9999 9999 9999 9999 9999 9999 9999 9999 9999 9999 9999 9999 81 9999 9999
9999 93 9999 9999 60 9999 9999 9999 95 9999 9999 9999 9999 50 9999 9999 9999 9999 9999 9999 90 8 30 9999 9999 71 9999 9999 9999 9999 9999 9999 9999 17 9999 9999 9999 9999 9999 9999 9999 9999 9999 36 68 9999 9999 15 9999 9999 9999 9999 9999 58 9999 9999 9999 9999 9999 9999 9999 79 9999 9999 9999 88 9999 9999 9999 48 9999 39 23 9999 9999 9999 9999 9999 49 9999 9999 72 9999 9999 9999 9999 9999 15 86 9999 86 9999 34 9999 51 9999 9999 9999 9999 82
9999 73 100 9999 99 9999 9999 9999 9999 9999 12 47 100 95 9999 76 9999 9999 9999 9999 9999 9999 9999 9999 9999 9999 69 9999 9999 31 9999 35 74 94 35 9999 9999 29 9999 9999 9999 9999 26 9999 9999 9999 25 9999 9999 9999 9999 9999 8 9999 9999 9999 9999 39 9999 9999 9999 9999 30 56 9999 67 9999 9999 9999 9999 9999 9 9999 29 9999 9999 9999 9999 9999 99 9999 9999 9999 9999 9999 9999 9999 9999 9999 9999 9999 9999 9999 9999 9999 31 9999 12 9999 9999
9999 9999 9999 9999 89 9999 9999 9999 9999 9999 9999 9999 9999 9999 88 9999 9999 9999 96 52 9999 9999 70 9999 69 9999 9999 9999 19 9999 9999 9999 9999 13 9999 9999 9999 9999 9999 9999 9999 9999 9 99 9999 9999 9999 5 86 94 29 9999 9999 9999 9999 40 9999 9999 9999 9999 9999 9999 9999 9999 9999 9999 9999 48 9999 9999 71 9999 9999 9999 9999 9999 9999 9999 9999 9999 9999 9999 9999 9999 9999 9999 77 9999 91 9999 9999 9999 9999 9999 9999 9999 9999 10 9999 1
9999 57 9999 88 9999 76 88 9999 39 97 9999 9999 9999 17 9999 9999 9999 75 99 96 9999 35 9999 9999 86 83 9999 9999 9999 9999 9999 9999 9999 9999 42 84 9999 9999 24 9999 9999 9999 9999 9999 9999 9999 9999 9999 9999 9999 9999 9999 9999 9999 9999 9999 64 9999 9999 9999 9999 9999 9999 9999 93 9999 9999 9999 9999 71 9999 9999 75 9999 9999 9999 9999 9999 9999 9999 9999 9999 9999 9999 6 9999 9999 9999 9999 9999 26 19 9999 9999 9999 9999 9999 75 9999 9999
9999 9999 9999 9999 9999 32 29 9999 9999 9999 9999 9999 9999 9999 9999 9999 9999 9999 9999 9999 83 9999 29 33 9999 9999 9999 9999 9999 9999 9999 9999 9999 9999 9999 61 64 64 9999 25 71 9999 9999 9999 9999 9999 9999 57 9999 42 9999 9999 9999 9999 9999 82 9999 9 9999 65 9999 9999 9999 39 9999 6 9999 39 9 9999 9999 9999 9999 21 9999 9999 9999 53 9999 64 9999 9999 9999 9999 9999 9999 9999 47 9999 9999 9999 40 9999 9999 9999 9999 99 9999 58 59
9999 9999 9999 9999 9999 9999 9999 9999 48 59 9999 9999 9999 97 9999 9999 9999 41 9999 9999 21 90 9999 9999 9999 51 9999 9999 42 9999 9999 9999 18 86 9999 79 9999 9999 20 9999 9999 90 9999 9999 9999 9999 9999 9999 35 9999 66 9999 9999 58 9999 9999 9999 9999 9999 27 100 9999 9999 9999 43 98 9999 23 9999 9999 75 9999 9999 9999 9999 58 18 9999 22 9999 9999 9999 9999 23 9999 9999 9999 9999 9999 9999 45 9999 9999 76 9999 81 9999 9999 9999 9999
9999 78 9999 9999 9999 9999 9999 9999 9999 9999 9999 9999 9999 9999 88 9999 9999 46 9999 9999 9999 58 9999 9999 9999 9999 9999 66 9999 9999 67 9999 95 100 9999 9999 2 89 9999 9999 9999 9999 9999 31 9999 9999 51 9999 9999 9999 9999 9999 9999 48 9999 9999 9999 9999 9999 21 97 9999 9999 89 73 25 9999 9999 29 9999 9999 21 9999 9999 11 9999 9999 9999 9999 9999 9999 9999 9999 9999 81 54 9999 9999 9999 71 76 9999 76 9999 9999 9999 9999 27 9999 9999
9999 34 54 9999 9999 40 9999 92 96 9999 9999 9999 9999 9999 1 14 9999 9999 47 9999 9999 9999 13 9999 9999 57 34 7 9999 9999 9999 82 9999 36 9999 9999 9999 29 9999 9999 9999 7 9999 9999 9999 9999 9999 9999 9999 9999 8 9999 9999 97 49 85 9999 9999 9999 9999 9999 9999 9999 9999 10 9999 9999 9999 9999 9999 9999 9999 9999 11 9999 9999 9999 9999 9999 9999 41 48 9999 3 21 9999 22 27 61 64 51 9999 9999 9999 9999 9999 9999 100 9999 9999
9999 9999 9999 9999 77 9999 9999 85 32 9999 9999 99 9999 9999 9999 9999 39 44 9999 9999 9999 9999 9999 18 9999 9999 9999 9999 9999 22 7 9999 9 9999 9999 9999 9999 9999 9999 70 49 43 90 9999 9999 16 9999 9999 9999 9999 9999 9999 9999 9999 38 9999 9999 9999 66 9999 54 9999 56 9999 9999 9999 9999 9999 9999 9999 9999 9999 58 9999 9999 9999 9999 26 9999 9999 9999 9999 10 9999 9999 2 9999 9999 88 9999 9 9999 9999 57 42 9999 9999 9999 84 9999
9999 9999 9999 9999 98 58 9999 9999 9999 9999 9999 9999 9999 70 50 62 59 94 9999 9999 9999 59 9999 9999 9999 3 9999 34 9999 6 9999 73 9999 9999 9999 59 9999 9999 9999 9999 9999 9999 9999 99 9999 9999 9999 9999 9999 9999 9999 9999 9999 9999 9999 19 31 9999 9999 9999 9999 42 9999 9999 9999 9999 9999 9999 9999 9999 9999 9999 18 9999 9999 9999 9999 9999 9999 9999 9999 9999 9999 12 9999 9999 9999 9999 9999 9999 9999 79 9999 12 9999 9999 83 17 9999 89
9999 9999 9999 77 62 9 73 15 9999 9999 21 95 9999 9999 9999 9999 52 9999 1 9999 35 9999 9999 9999 9999 9999 9999 9999 9999 9999 9999 9999 9999 9999 11 9999 9999 9999 9999 9999 9999 9999 9999 9999 9999 9999 9999 72 9999 92 9999 9999 9999 24 9999 9999 9999 74 9999 9999 9999 9999 9999 9999 9999 9999 9999 9999 9999 9999 9999 53 9999 9999 9999 26 9999 9999 9999 9999 9999 9999 9999 9999 9999 82 9999 4 9999 75 90 9999 9999 9999 9999 9999 9999 9999 2 9999
9999 9999 9999 9999 9999 9999 9999 9999 9999 61 9999 9999 9999 76 9999 3 9999 9999 9999 17 85 9999 54 9999 17 9999 9999 9999 9999 81 9999 9999 9999 9999 9999 9999 9999 9999 9999 89 9999 9999 9999 9999 9999 9999 9999 9999 9999 9999 9999 71 9999 9999 9999 9999 9999 9999 9999 9999 9999 9999 9999 7 31 9999 9999 49 9999 9999 9999 9999 22 9999 9999 9999 9999 9999 9999 9999 9999 9999 9999 9999 7 9999 59 9999 9999 34 27 9999 9999 4 9999 96 9999 9999 16 9999
9999 9999 9999 9999 89 9999 9999 9999 9999 10 9999 73 27 9999 9999 12 35 9999 9999 9999 9999 9999 98 9999 9999 49 19 9999 79 9999 24 9999 9999 9999 90 9999 9999 62 9999 9999 97 9999 88 9999 9999 9999 9999 9999 9999 9999 9999 9999 9999 75 9999 10 9999 9999 9999 9999 9999 9999 26 9999 9999 9999 9999 9999 99 9999 9999 64 9999 9999 9999 9999 9999 9999 9999 9999 9999 9999 9999 57 9999 9999 9999 8 9999 9999 9999 9999 9999 36 9999 9999 9999 9999 9999 45
9999 9999 9999 9999 9999 9999 64 9999 9999 9999 9999 9999 97 9999 32 9999 9999 9999 9999 9999 65 9999 9999 9999 53 9999 9999 9999 9999 48 89 9999 59 9999 9999 83 58 9999 9999 15 9999 9999 96 9999 9999 9999 90 9999 66 9999 9999 9999 80 9999 9999 21 64 9999 26 85 14 9999 9999 9999 9999 9999 9999 9999 9999 9999 9999 9999 9999 9999 41 9999 9999 9999 9999 9999 9999 9999 9999 9999 71 56 9999 9999 9999 9999 9999 9999 9999 9999 10 9999 74 9999 9999 32
9999 90 9999 9999 9999 9999 56 43 9999 9999 9999 9999 9999 9999 9999 93 9999 9999 9999 5 9999 29 9999 9999 9999 7 9999 9999 9999 9999 9999 9999 9999 9999 9999 76 9999 80 9999 94 93 16 9999 9999 9999 9999 9999 9999 9999 9999 9999 81 9999 9999 9999 9999 9999 9999 9999 73 9999 9999 46 9999 9999 9999 9999 72 9999 9999 9999 9999 9999 9999 48 9999 9999 9999 9999 9999 9999 9999 13 9999 18 82 93 9999 9999 53 9999 9999 67 9999 9999 98 67 9999 86 32
9999 71 9999 20 9999 89 9999 90 9999 9999 9999 9999 74 22 40 9999 61 15 9999 9999 9999 19 9999 9999 9999 83 9999 9999 9999 9999 16 9999 9999 9999 46 9999 9999 9999 9999 9999 9999 9999 9999 9999 24 9999 9999 9999 63 9999 9999 56 16 9999 88 9999 9999 9999 91 9999 9999 9999 9999 9999 67 9999 99 9999 9999 9999 9999 9999 9999 9999 9999 10 9999 9999 9999 9999 9999 13 9999 9999 9999 9999 94 9999 9999 9999 9999 64 9999 9999 9999 77 9999 9999 37 9999
9999 9999 9999 9999 9999 9999 9999 9999 9999 9999 9999 9999 9999 9999 9999 9999 9999 9999 78 9999 44 9999 90 9999 9999 60 9999 9999 9999 9999 78 9999 9999 9999 94 9999 9999 9999 9999 8 9999 9999 13 9999 9999 9999 9999 9999 9999 9999 82 9999 9999 60 9999 9999 9999 10 9999 9999 66 9999 9999 9999 52 46 9999 9999 9999 9999 9999 9999 23 9999 3 9999 12 9999 9999 57 9999 9999 9999 9999 9999 9999 9999 79 9999 9999 9999 9999 34 51 9999 9999 9999 9999 9999 9999
9999 9999 9999 9999 9999 43 54 9999 9999 9999 9999 40 9999 9999 9999 9999 9999 9999 9999 9999 43 9999 9999 9999 9999 9999 9999 57 9999 9999 10 44 9999 9999 9999 9999 9999 9999 9999 9999 42 9999 23 53 9999 100 9999 9999 9999 18 9999 9999 9999 9999 9999 9999 9999 9999 9999 9999 58 87 9999 9999 9999 9999 9999 9999 9999 9999 6 9999 9999 81 21 9999 9999 9999 7 9999 71 18 9999 9999 9999 9999 9999 9999 9999 84 9999 9999 9999 9999 67 99 9999 9 89 46
9999 9999 9999 22 9999 9999 9999 9999 9999 9999 28 9999 52 9999 9999 9999 9999 9999 9999 8 9999 9999 9999 9999 9999 42 9999 9999 9999 9999 22 11 9999 9999 21 9999 9999 65 9999 44 9999 39 9999 9999 9999 91 73 9999 9999 9999 9999 9999 9999 9999 24 35 9999 9999 6 9999 48 9999 9999 9999 9999 38 9999 9999 9999 9999 9999 9999 9999 54 9999 2 9999 82 9999 9999 56 82 9999 9999 9999 9999 9999 9999 9999 9999 87 9999 9999 10 5 39 9999 9999 81 7
9999 9999 9999 66 20 9999 9999 9999 9999 9999 9999 9999 9999 61 9999 9999 12 18 9999 9999 9999 9999 9999 9999 9999 9999 9999 12 62 87 9999 9999 30 97 9999 9999 9999 9999 9999 9999 22 28 9999 9999 9999 9999 60 9999 52 9999 9999 9999 9999 9999 9999 2 9999 9999 9999 9999 9999 9999 28 18 54 9999 9999 9999 9999 77 9999 9999 9999 9999 22 9999 9999 9999 59 9999 9999 93 94 9999 9999 9999 9999 52 9999 9999 9999 9999 49 5 34 9999 75 9999 9999 9999
9999 9999 42 9999 9999 9999 9999 86 82 9999 9999 9999 64 94 51 9999 49 9999 43 99 9999 9999 9999 44 9999 9999 9999 9999 9999 11 9999 9999 9999 57 2 9999 9999 9999 9999 9999 9999 9999 9999 9999 9999 9999 15 9999 58 9999 14 9999 9999 9999 62 9999 9999 9999 42 69 9999 76 9999 95 24 9999 9999 15 9999 9999 9999 47 9999 9999 27 9999 9999 4 9999 8 9999 9999 9999 79 9999 9999 52 9999 69 9999 9999 91 9999 50 9999 9999 92 9999 9999 9999
9999 9999 9999 9999 9999 9999 13 22 9999 9999 11 9999 81 9999 9999 43 9999 9999 9999 9999 9999 3 9999 9999 9999 9999 9999 9999 9999 9999 31 54 9999 9999 9999 31 9999 33 62 5 9999 9999 9999 9999 9999 9999 9999 9999 9999 9999 9999 37 58 9999 84 9999 9999 9999 9999 9999 9999 13 9999 9999 87 6 9999 86 9999 91 9999 9999 9999 9999 61 88 9999 9999 9999 9999 9999 9999 9999 9999 9999 9999 9999 69 9999 9999 9999 9999 9999 11 9999 9999 9999 9999 9999 9999
9999 47 9999 9999 9999 18 9999 9999 9999 9999 9999 9999 44 39 72 9999 9999 82 21 9999 9999 2 39 9999 9999 9999 9999 9999 9999 9999 9999 9999 9999 9999 9999 9999 9999 9999 41 9999 9999 9999 9999 9999 9999 18 9999 9999 9999 9999 9999 9999 94 9999 9999 42 9999 9999 9999 9999 10 9999 9999 62 9999 9999 9999 9999 9999 9999 9999 9999 9999 71 64 9999 9999 75 34 9999 9999 53 9999 9999 84 9999 9999 9999 9999 9999 9999 9999 9999 28 9999 9999 9999 9999 9999 9999
9999 9999 9999 9999 80 34 9999 74 14 9999 93 9999 80 9999 59 38 9999 42 9999 9999 9999 37 14 9999 10 10 9999 9999 9999 9999 9999 9999 9999 23 9999 90 65 89 9999 9999 9999 8 9999 9999 9999 68 9999 9999 9999 9999 9999 74 94 9999 9999 9999 9999 9999 5 9999 55 9999 9999 9999 9999 9999 9999 86 9999 9999 26 9999 45 76 51 9 9999 90 27 9999 9999 9999 9999 9999 9999 87 9999 9999 9999 9999 9999 10 23 43 28 9999 9999 9999 9999 9999
9999 96 9999 9999 9999 9999 9999 39 9999 5 9999 9999 43 9999 9999 10 9999 9999 9999 52 41 9999 9999 9999 9999 71 9999 57 29 87 9999 9999 9999 9999 1 9999 65 9999 9999 9999 9999 9999 9999 53 9999 9999 9999 9999 51 9999 57 9999 9999 9999 9999 9999 9999 76 9999 9999 60 9999 9999 32 9999 9999 9999 9999 9999 9999 19 40 9999 9999 9999 9999 79 9999 9999 9999 9999 9999 64 9999 9999 9999 9999 91 9999 9999 10 9999 95 9999 9999 9999 9999 9999 9999 9999
9999 9999 9999 9999 9999 9999 9999 9999 9999 9999 9999 9999 48 9999 14 14 9999 9999 61 9999 80 9999 74 9999 9999 9999 9999 7 9999 9999 9999 9999 5 9999 9999 16 9999 9999 57 9999 9999 9999 9999 9999 9999 39 9999 88 14 9999 9999 39 83 9999 9999 9999 9999 9999 9999 9999 9999 9999 77 56 9999 9999 9999 34 9999 9999 9999 9999 9999 76 9999 9999 9999 9999 9999 9999 9999 67 9999 34 9999 9999 49 9999 9999 9999 23 95 9999 9999 9999 9999 9999 9999 27 92
9999 9999 9999 45 9999 9999 9999 9999 67 45 9999 9999 8 9999 9999 9999 9999 9999 9999 97 9999 9999 9999 9999 9999 9999 9999 58 9999 9999 9999 69 9999 21 9999 9999 9999 92 9999 79 4 9999 9999 9999 89 9999 9999 9999 7 9999 9999 1 9999 9999 24 9999 9999 9999 9999 53 9999 9999 9999 89 70 9999 9999 9999 9999 9999 9999 9999 76 9999 9999 57 12 9999 4 36 9999 9999 9999 51 9999 10 5 50 11 28 43 9999 9999 9999 9999 87 9999 9999 9999 9999
9999 9999 93 9999 11 9999 9999 9999 9999 9999 9999 9999 9999 85 9999 66 9999 9999 9999 9999 9999 9999 9999 22 9999 9999 9999 9999 9999 9999 9999 9999 13 6 9999 9999 99 51 9999 9999 77 9999 9999 9999 9999 9999 9999 48 88 9999 9999 96 9999 9999 9999 9999 4 64 9999 32 9999 9999 20 9999 11 9999 9999 51 9999 9999 9999 9999 9999 9999 9999 42 9999 9999 9999 9999 10 9999 9999 9999 67 5 34 9999 9999 9999 28 9999 9999 9999 9999 9999 9999 9999 27 9999
9999 9999 8 9999 46 9999 9999 9999 9999 9999 9999 9999 9999 9999 9999 9999 9999 9999 9999 9999 9999 9999 39 92 71 9999 9999 9999 9999 9 9999 9999 75 9999 9999 9999 20 63 9999 9999 9999 51 9999 47 81 58 72 31 9999 9999 9999 73 9999 9999 9999 9999 9999 9999 9999 9999 9999 68 9999 9999 9999 21 9999 9999 31 9999 9999 9999 81 9999 9999 9999 9999 9999 96 9999 9999 98 77 9999 99 39 9999 9999 9999 9999 9999 9999 9999 87 9999 9999 9999 9999 9999 9999
9999 9999 82 9999 9999 40 9999 95 9999 9999 9999 9999 9999 9999 33 9999 9999 9999 80 9999 9999 86 22 9999 47 9999 8 9999 9999 9999 9999 9999 9999 9999 9999 9999 16 9999 9999 9999 9999 9999 9999 9999 9999 9999 9999 9999 9999 4 9999 9999 78 9999 9999 9999 9999 4 9999 9999 40 58 9999 29 9999 100 9999 9999 9999 9999 9999 99 9999 9999 9999 9999 83 9999 9999 9999 74 67 9999 9999 9999 9999 75 92 9999 9999 9999 9999 9999 9999 9999 9999 9999 11 9999 9999
9999 9999 9999 9999 9999 25 9999 9999 9999 9999 57 1 9999 9999 27 74 24 9999 7 9999 6 9999 9999 9999 9999 9999 9999 9999 3 9999 17 9999 9999 59 77 9999 9999 9999 61 9999 9999 9999 9999 52 9999 16 9999 37 9999 9999 9999 9999 9999 50 9999 9999 9999 9999 9999 9999 94 9999 9999 69 89 55 81 9999 12 10 75 9999 9999 27 100 9999 17 9999 9999 9999 9999 9999 9999 9999 9 9999 9999 9999 9999 9999 9999 9999 9999 9999 9999 9999 11 9999 9999 11
9999 9999 70 9999 9999 9999 29 9999 9999 9999 9999 13 9999 9999 9999 9999 46 9999 9999 9999 55 9999 9999 9999 9999 9999 9999 9999 9999 9999 61 9999 9999 9999 9999 9999 9999 35 9999 9999 9999 51 9999 15 9999 9999 88 9999 9999 9999 9999 9999 9999 9999 9999 9999 61 9999 9999 9999 9999 9999 9999 9999 32 9999 9999 9999 9999 9999 9999 58 9999 9999 9999 84 9999 2 16 9999 9999 86 37 9999 89 81 9999 9999 9999 9999 9999 9999 27 9999 27 9999 9999 9999 9999 9999
9999 9999 9999 9999 9999 9 9999 9999 9999 9999 87 21 9999 9999 93 9999 75 67 9999 9999 34 9999 9999 9999 9999 50 9999 9999 9999 89 9999 9999 9999 57 9999 44 9999 28 9999 9999 9999 9999 9999 9999 9999 9999 9999 9999 9999 9999 9999 18 9999 9999 1 9999 9999 9999 9999 51 9999 1 9999 9999 9999 9999 9999 82 9999 1 9999 59 9999 9999 9999 9999 89 9999 9999 45 32 32 9999 9999 46 7 9999 9999 9999 9999 9999 9999 92 9999 9999 9999 9999 11 9999 9999
