100
9999 9999 9999 9999 9999 9999 9999 9999 9999 9999 9999 9999 9999 9999 9999 9999 9999 9999 9999 9999 9999 9999 9999 9999 9999 9999 9999 9999 9999 9999 9999 9999 9999 9999 9999 9999 9999 9999 9999 9999 9999 9999 9999 9999 9999 9999 9999 9999 9999 9999 9999 9999 9999 9999 9999 9999 9999 9999 9999 9999 9999 9999 9999 9999 9999 9999 9999 9999 9999 9999 9999 9999 9999 9999 9999 9999 9999 9999 9999 9999 9999 9999 9999 9999 9999 9999 9999 9999 9999 9999 9999 9999 9999 9999 9999 9999 9999 9999 9999 9999
9999 9999 9999 9999 9999 9999 9999 9999 89 9999 9999 9999 9999 9999 9999 9999 9999 9999 9999 9999 9999 9999 9999 9999 9999 9999 9999 9999 92 48 30 9999 9999 9999 9999 7 9999 9999 9999 9999 9999 9999 9999 8 9999 9999 59 9999 9999 9999 54 40 9999 9999 9999 9999 3 12 9999 32 9999 9999 9999 9999 9999 9999 9999 9999 92 9999 64 9999 9999 9999 9999 67 9999 9999 9999 22 89 98 9999 65 9999 12 8 9999 9999 9999 84 9999 9999 89 9999 82 9999 91 9999 47
9999 9999 9999 27 10 94 9999 9999 9999 9999 51 9999 9999 9999 9999 47 72 9999 22 81 36 71 9999 68 47 13 9999 9999 9999 9999 9999 9999 9999 23 51 9999 9999 9999 9999 86 36 37 9999 9999 9999 9999 9999 67 27 9999 9999 31 9999 9999 9999 9999 9999 9999 9999 9999 9999 9999 31 9999 82 6 36 99 30 9999 6 9999 9999 9999 16 9999 9999 52 9999 9999 9999 9999 9999 7 9999 9999 9999 9999 9999 5 9999 9999 4 44 91 29 9999 9999 9999 9999
9999 9999 27 9999 9999 21 9999 9999 9999 9999 9999 70 61 9999 9999 70 9999 9999 9999 9999 9999 5 9999 9999 13 9999 9999 9999 9999 9999 9999 9999 9999 9999 6 9999 9999 9999 17 9999 9999 9999 9999 46 9999 9999 9999 9999 34 9999 9999 9999 100 9999 9999 19 9999 9999 39 64 6 7 9999 9999 9999 17 9999 9999 9999 59 9999 9999 72 86 9999 9999 9999 9999 9999 9999 9999 9999 9999 20 9999 9999 9999 9999 39 9999 39 9999 9999 9999 9999 55 9999 9999 51 9999
9999 9999 10 9999 9999 9 9999 9999 9999 9999 9999 9999 9999 9999 9999 9999 14 100 9999 9999 9999 3 9999 9999 9999 9999 9999 9999 9999 9999 9999 9999 98 9999 9999 51 75 6 9999 90 82 9999 9999 9999 9999 9999 83 9999 9999 9999 9999 29 44 9999 9999 81 9999 9999 20 9999 9999 9999 9999 70 9999 9999 20 9999 38 9999 9999 9999 27 9999 75 9999 9999 9999 9999 9999 9999 53 52 9999 9999 9999 9999 54 9999 9999 8 9999 9999 9999 80 9999 30 9999 56 9999
9999 9999 94 21 9 9999 9999 9999 9999 9999 9999 9999 9999 9999 9999 9999 9999 9999 9999 9999 9999 52 78 9999 92 30 9999 9999 9999 9999 68 95 92 9999 88 9999 9999 70 9999 9999 9999 9999 9999 9999 71 9999 24 9999 61 97 9999 77 9999 49 7 9999 9999 43 94 9999 79 9999 9999 9999 9999 9999 9999 66 9999 9999 9999 9999 9999 9999 9999 9999 9999 69 9999 9999 9999 9999 9999 9999 9999 9999 83 9999 9999 9999 9999 9999 37 9999 9999 9999 9999 60 9999 9999
9999 9999 9999 9999 9999 9999 9999 9999 9999 9999 77 9999 9999 9999 9999 9999 9999 48 9999 9999 9999 41 50 9999 51 18 9999 9999 42 9999 9999 1 19 76 9999 9999 9999 90 72 9999 9999 9999 9999 9999 9999 9999 9999 9999 9999 38 2 71 9999 9999 78 9999 9999 9999 68 9999 9999 9999 9999 57 9999 87 9999 9999 9999 58 61 64 93 9999 2 82 92 9999 9999 72 9999 9999 9999 9999 9999 27 63 9999 9999 9999 65 57 9999 9999 39 52 9999 9999 9999 9999
9999 9999 9999 9999 9999 9999 9999 9999 9999 9999 23 9999 9999 9999 40 9999 9999 99 9999 9999 9999 12 9999 9999 55 9999 9999 9999 82 9999 9999 9999 9999 9999 9999 9999 9999 9999 9999 48 9999 9999 9999 9999 20 33 25 9999 65 2 9999 9999 98 9999 9999 9999 84 43 9999 9999 69 86 48 9999 9999 9999 9999 78 56 9999 9999 59 35 9999 98 91 9999 9999 9999 10 9999 9999 2 9999 80 17 9999 9 9999 9999 9999 9999 9999 9999 9999 9999 52 9999 9999 9999
9999 89 9999 9999 9999 9999 9999 9999 9999 11 9999 9999 9999 9999 9999 9999 9999 9 94 9999 47 9999 80 9999 17 9999 9999 9999 9999 9999 9999 9999 9999 9999 58 9999 9999 74 21 9999 93 9999 9999 23 9999 9999 9999 9999 96 9999 9999 78 9999 9999 9999 9999 31 9999 9999 9999 9999 9999 9999 9999 9999 9999 9999 9999 9999 9999 45 9999 9999 9999 51 9999 9999 39 9999 9999 9999 54 9999 65 9999 9999 76 9999 9999 70 9999 9999 18 9999 9 9999 18 9999 62 9999
9999 9999 9999 9999 9999 9999 9999 9999 11 9999 9999 9999 37 9999 9999 24 9999 53 9999 9999 9999 37 59 9999 9999 9999 80 9999 9999 9999 9 9999 9999 9999 9999 98 9999 9999 9999 9999 86 9999 23 85 57 9999 55 50 75 9999 9999 53 25 9999 9999 64 35 9999 9999 9999 9999 73 9999 9999 99 9999 9999 80 9999 9999 9999 9999 9999 9999 4 9999 9999 9999 9999 45 43 49 9999 96 2 34 9999 9999 9999 10 9999 9999 9999 9999 9999 9999 96 3 9999 9999
9999 9999 51 9999 9999 9999 77 23 9999 9999 9999 50 9999 22 9999 98 9999 9999 9999 9999 100 9999 9999 9999 29 9999 9999 9999 9999 9999 9999 20 9999 9999 9999 9999 9999 9999 9999 1 9999 9999 9999 9999 9999 9999 20 9999 28 90 9999 9999 73 81 9999 9999 9999 9999 9999 9999 76 41 9999 9999 9999 9999 4 85 9999 25 76 5 22 9999 55 46 9999 9999 70 22 97 9999 9999 9999 92 9999 9999 9999 9999 9999 9999 9999 35 81 78 2 9999 9999 15 73
9999 9999 9999 70 9999 9999 9999 9999 9999 9999 50 9999 77 9999 87 9999 9999 9999 9999 9999 9999 9999 9999 9999 9999 9999 9999 9999 7 68 9999 9999 9999 9999 9999 70 9999 76 85 9999 9999 94 39 9999 9999 9999 9999 9999 85 9999 9999 1 9999 9999 14 9999 9999 9999 9999 9999 9999 9999 27 9999 9999 83 9999 76 9999 9999 8 66 9999 9999 9999 9999 9999 9999 9999 9999 9999 9999 9999 9999 9999 83 9999 9999 9999 51 50 9999 9999 9999 9999 9999 9999 9999 37 57
9999 9999 9999 61 9999 9999 9999 9999 9999 37 9999 77 9999 9999 9999 9999 95 9999 9999 76 9999 94 9999 9999 41 94 9999 9999 9999 28 8 9999 9999 9999 9999 9999 77 9999 35 55 53 9999 9999 9999 42 26 65 57 9999 9999 9999 9999 55 9999 9999 91 9999 50 9999 9999 73 9999 9999 9999 9999 30 9999 9999 74 9999 9999 9999 9999 9999 9999 9999 9999 50 9999 9999 9999 91 77 9999 9999 9999 9999 9999 9999 43 9999 9999 71 30 9999 9999 9999 9999 19 32
9999 9999 9999 9999 9999 9999 9999 9999 9999 9999 22 9999 9999 9999 9999 9999 9999 9999 9999 9999 9999 71 9999 9999 23 21 48 16 98 9999 9999 9999 9999 9999 9999 28 9999 9999 9999 73 9999 9999 9999 9999 9999 9999 9999 2 9999 9999 5 22 9999 9999 9999 87 9999 34 9999 9999 9999 99 97 9999 9999 41 9999 9999 9999 9999 9999 79 9999 34 9999 9999 9999 9999 61 9999 9999 9999 20 9999 9999 9999 100 91 9999 9999 9999 9999 54 9999 58 9999 9999 64 25 29
9999 9999 9999 9999 9999 9999 9999 40 9999 9999 9999 87 9999 9999 9999 9999 9999 9999 51 9999 9999 22 92 75 9999 9999 9999 9999 9999 9999 95 9999 9999 9999 9999 9999 9999 9999 9999 18 23 9999 9999 9999 9999 9999 9999 9999 9999 31 9999 10 9999 69 9999 9999 9 9999 25 44 9999 9999 9999 9999 84 9999 9999 9999 35 9999 9999 7 9999 9999 46 9999 91 9999 44 9999 9999 37 9999 9999 9999 9999 9999 9999 9999 15 9999 9999 9999 89 9999 9999 9999 9999 9999 9999
9999 9999 47 70 9999 9999 9999 9999 9999 24 98 9999 9999 9999 9999 9999 9999 9999 44 30 9999 61 77 9999 9999 10 86 9999 9999 9999 9999 9999 86 9999 9999 45 9999 54 100 9999 9999 9999 9999 9999 9999 9999 9999 9999 9999 9999 4 52 9999 9999 39 9999 9999 92 9999 9999 9999 9999 9999 9999 9999 9999 9999 35 9999 9999 9999 9999 31 9999 69 9999 9999 37 9999 9999 9999 9999 9999 37 9999 9999 9999 40 9999 9999 52 9999 45 87 41 9999 9999 9999 9999 9999
9999 9999 72 9999 14 9999 9999 9999 9999 9999 9999 9999 95 9999 9999 9999 9999 9999 9999 9999 9999 9999 9999 85 13 25 28 49 9999 9 16 69 9999 9999 9999 9999 9999 41 9999 25 9999 55 70 9999 9999 9999 9999 9999 9999 43 49 98 77 9999 15 9999 9999 9999 9999 9999 9999 9999 9999 9999 9999 97 9999 9999 9999 77 30 43 9999 9999 9999 9999 9999 9999 9999 9999 21 9999 82 9999 9999 9999 9999 9999 9 70 9999 9999 9999 17 9999 3 9999 68 9999 15
9999 9999 9999 9999 100 9999 48 99 9 53 9999 9999 9999 9999 9999 9999 9999 9999 9999 9999 9999 9999 9999 19 9999 9999 42 9999 9999 48 9999 59 9999 9999 9999 9999 9999 57 72 21 9999 9999 9999 46 9999 9999 9999 9999 9999 31 9999 9999 3 68 9999 93 9999 32 9999 9999 9999 9999 9999 6 35 9999 9999 72 9999 45 9999 9999 9999 9999 9999 3 29 9999 51 9999 24 9999 9999 9999 9999 9999 9999 9999 9999 9999 9999 70 9999 98 9999 100 51 9999 9999 9999
9999 9999 22 9999 9999 9999 9999 9999 94 9999 9999 9999 9999 9999 51 44 9999 9999 9999 9999 9999 9999 9999 9999 9999 9999 9999 93 69 42 9999 9999 7 81 94 9999 9999 9999 52 9999 9999 9999 9999 65 9999 9999 9999 9999 9999 9999 10 9999 9999 94 97 9999 9999 30 6 9999 9999 9999 9999 9999 9999 9999 74 9999 9999 9999 9999 9999 9999 9999 9999 9999 9999 9999 9999 51 9999 9999 54 9999 9999 30 9999 9999 9999 9999 9999 9999 9999 9999 9999 9999 30 100 9999 27
9999 9999 81 9999 9999 9999 9999 9999 9999 9999 9999 9999 76 9999 9999 30 9999 9999 9999 9999 5 9999 16 55 9999 9999 78 9999 57 9999 9999 9999 9999 84 9999 18 9999 62 59 9999 33 9999 9999 9999 9999 92 1 56 9999 9999 9999 9999 9999 9999 74 3 73 14 79 9999 100 9999 9999 9999 9 58 9999 9999 9999 9999 9999 9999 9999 9999 9999 9999 37 9999 9999 9999 30 71 2 44 9999 9999 9999 69 35 9999 9999 9999 64 34 9999 9999 93 9999 9999 9999
9999 9999 36 9999 9999 9999 9999 9999 47 9999 100 9999 9999 9999 9999 9999 9999 9999 9999 5 9999 9999 9999 9999 9999 9999 97 9999 9999 9999 9999 9999 9999 9999 57 68 86 9999 9999 35 9999 9999 33 9999 9999 9999 9999 9999 9999 9999 9999 9999 19 9999 57 9999 9999 9999 9999 65 9999 65 9999 9999 9999 9999 9999 9999 9999 9999 9999 9999 10 60 9999 69 82 81 62 53 9999 37 94 22 9999 62 63 63 9999 9999 9999 56 33 24 9999 9999 9999 99 53 9999
9999 9999 71 5 3 52 41 12 9999 37 9999 9999 94 71 22 61 9999 9999 9999 9999 9999 9999 9999 9999 9999 1 59 9999 9999 9999 62 9999 9999 33 9999 66 24 9999 9999 31 9999 92 9999 77 79 9999 36 9999 9999 9999 9999 9999 51 9999 9999 9999 9999 9999 95 9999 9999 9999 9999 9999 9999 9999 9999 9999 9999 9999 9999 7 3 9999 47 9999 9999 9999 9999 9999 9999 68 22 9999 85 9999 9999 9999 62 84 9999 9999 9999 9999 9999 9999 2 9999 37 41
9999 9999 9999 9999 9999 78 50 9999 80 59 9999 9999 9999 9999 92 77 9999 9999 9999 16 9999 9999 9999 9999 9999 9999 9999 44 90 9999 9999 9999 18 9999 9999 92 100 23 45 9999 2 9999 9999 9999 9999 9999 9999 9999 3 9999 9999 9999 9999 19 9999 36 9999 9999 14 9999 9999 9999 9999 9999 72 9999 9999 9999 9999 9999 49 9999 9999 9999 57 9999 3 9999 9999 9999 97 9999 9999 9999 9999 9999 9999 71 9999 9999 9999 64 4 9999 9999 9999 9999 9999 9999 35
9999 9999 68 9999 9999 9999 9999 9999 9999 9999 9999 9999 9999 9999 75 9999 85 19 9999 55 9999 9999 9999 9999 9999 9999 75 9999 9999 9999 54 9999 9999 9999 9999 9999 79 9999 9999 9999 9999 84 9999 9999 4 9999 56 9999 9999 9999 9999 29 47 16 9999 9999 9999 9999 9999 9999 9999 80 35 4 9999 22 9999 9999 9999 7 9999 9999 9999 9999 9999 97 9999 9999 82 9999 9999 9999 9999 9999 9999 99 9999 9999 9999 9999 9999 9999 82 9999 9999 9999 9999 9999 9999 34
9999 9999 47 13 9999 92 51 55 17 9999 29 9999 41 23 9999 9999 13 9999 9999 9999 9999 9999 9999 9999 9999 9999 9999 43 9999 9999 9999 9999 43 9999 9999 9999 9999 9999 9999 58 9999 9999 9999 9999 9999 9999 36 9999 9999 2 48 9999 9999 9999 9999 9999 9999 9999 9999 9999 9999 9999 56 9999 9999 9999 9999 100 9999 32 9999 9999 9999 9999 9999 5 9999 9999 9999 9999 84 9999 9999 9999 9999 53 9999 3 9999 14 9999 9999 9999 9999 9999 9999 92 9999 9999 9999
9999 9999 13 9999 9999 30 18 9999 9999 9999 9999 9999 94 21 9999 10 25 9999 9999 9999 9999 1 9999 9999 9999 9999 84 9999 9999 1 9999 9999 5 39 9999 9999 9999 9999 9999 57 9999 9999 9999 9999 9999 1 9999 9999 38 35 53 75 7 9999 46 9999 9999 96 9999 9999 9999 9999 30 9999 9999 9999 9999 9999 52 36 37 27 86 9999 9999 16 24 9999 82 9999 56 9999 9999 9999 9999 3 58 9999 9999 9999 9999 9999 9999 9999 61 77 9999 43 51 9999
9999 9999 9999 9999 9999 9999 9999 9999 9999 80 9999 9999 9999 48 9999 86 28 42 9999 78 97 59 9999 75 9999 84 9999 9999 9999 9999 67 45 9999 9999 23 27 22 9999 9999 30 9999 9999 9999 9999 9999 9999 78 9999 9999 9999 48 41 9999 9999 9999 9999 9999 38 84 28 9999 9999 9999 8 9999 9999 9999 9999 9999 9999 9999 9999 82 94 9999 9999 9999 8 9999 9999 9999 18 9999 98 9999 9999 9999 9999 38 9999 93 35 9999 9999 26 9999 9999 9999 99 9999
9999 9999 9999 9999 9999 9999 9999 9999 9999 9999 9999 9999 9999 16 9999 9999 49 9999 93 9999 9999 9999 44 9999 43 9999 9999 9999 9999 9999 9999 9999 9999 9999 9999 9999 93 9999 9999 9999 12 9999 100 9999 91 62 15 9999 49 9999 9999 9999 9999 9999 9999 85 9999 9999 9999 9999 9999 60 4 9999 67 69 9999 9999 9999 7 42 23 9999 9999 9999 9999 9999 9999 9999 9999 46 64 46 27 9999 48 9999 69 9999 37 9999 9999 9999 9999 9999 9999 9999 9999 89 9999
9999 92 9999 9999 9999 9999 42 82 9999 9999 9999 7 9999 98 9999 9999 9999 9999 69 57 9999 9999 90 9999 9999 9999 9999 9999 9999 9999 9999 9999 9999 9999 9999 9999 79 9999 9999 93 9999 9999 9999 54 9999 9999 29 9999 12 9999 9999 9999 9999 89 69 75 9999 88 9999 9999 32 9999 9999 9999 9999 68 9999 9999 9999 52 9999 9999 95 5 9999 9999 93 9999 15 9999 9999 64 9999 9999 9999 9999 9999 9999 9999 9999 9999 9999 9999 9999 9999 9999 9999 9999 33 27
9999 48 9999 9999 9999 9999 9999 9999 9999 9999 9999 68 28 9999 9999 9999 9 48 42 9999 9999 9999 9999 9999 9999 1 9999 9999 9999 9999 9999 9999 93 95 9999 9999 9999 68 57 9999 9999 9999 9999 49 87 9999 9999 9999 9999 9999 9999 53 98 9999 68 9999 9999 9999 9999 9999 51 67 17 9999 9999 39 9999 9999 9999 67 9999 9999 9999 9999 9999 49 9999 63 9999 9999 9999 9999 9999 9999 9999 9999 82 9999 9999 91 49 9999 9999 9999 9999 9999 61 9999 9999 9999
9999 30 9999 9999 9999 68 9999 9999 9999 9 9999 9999 8 9999 95 9999 16 9999 9999 9999 9999 62 9999 54 9999 9999 67 9999 9999 9999 9999 33 9999 89 9999 50 99 9999 2 64 9999 44 30 9999 94 30 9999 9999 9999 9999 53 9999 9999 9999 42 9999 27 9999 1 16 9999 9999 48 9999 9999 83 9999 9999 9999 18 9999 94 76 36 9999 9999 33 9999 9999 9999 9999 9999 9999 9999 27 87 9999 9999 9999 9 9999 9999 9999 71 9999 9999 3 10 76 9999
9999 9999 9999 9999 9999 95 1 9999 9999 9999 20 9999 9999 9999 9999 9999 69 59 9999 9999 9999 9999 9999 9999 9999 9999 45 9999 9999 9999 33 9999 9999 9999 4 8 9999 9999 9999 9999 9999 9999 89 9999 9999 9999 9999 9999 9999 9999 10 57 9999 9999 9999 53 9999 84 9999 13 69 9999 46 9999 9999 9999 9999 96 9999 9999 9999 61 9999 9999 9999 9999 9999 9999 9 71 78 9999 9999 9999 9999 9999 40 24 20 9999 9999 34 9999 19 9999 9999 9999 9999 9999 5
9999 9999 9999 9999 98 92 19 9999 9999 9999 9999 9999 9999 9999 9999 86 9999 9999 7 9999 9999 9999 18 9999 43 5 9999 9999 9999 93 9999 9999 9999 9999 9999 9999 8 9999 63 9999 9999 68 9999 58 75 9999 13 9999 9999 9999 90 9999 9999 9999 9999 9999 9999 9999 78 9999 9999 9999 9999 9999 9999 68 88 9999 9999 9999 9999 9999 70 9999 9999 9999 9999 9999 9999 36 87 9999 66 93 70 96 53 9999 91 46 9999 9999 9999 71 9999 50 9999 9999 9999 44
9999 9999 23 9999 9999 9999 76 9999 9999 9999 9999 9999 9999 9999 9999 9999 9999 9999 81 84 9999 33 9999 9999 9999 39 9999 9999 9999 95 89 9999 9999 9999 9999 17 9999 42 9999 9999 89 9999 45 83 9999 9999 32 9999 9999 87 6 9999 9999 9999 99 9999 45 43 9999 9999 9999 9999 9999 15 9999 9999 9999 9999 9999 9999 9999 9999 9999 59 40 9999 9999 9999 13 9999 9999 9999 99 9999 9999 33 62 38 90 9999 9999 9999 44 18 9999 24 9999 57 9999 9999
9999 9999 51 6 9999 88 9999 9999 58 9999 9999 9999 9999 9999 9999 9999 9999 9999 94 9999 57 9999 9999 9999 9999 9999 23 9999 9999 9999 9999 4 9999 9999 9999 18 9999 30 9999 9999 57 67 50 9999 9999 9999 9999 9999 47 17 9999 13 9999 9999 80 9999 9999 47 9999 17 9999 58 9999 9999 93 9999 9999 60 53 63 9999 9999 9999 9999 9999 9999 9999 9999 9999 39 97 9999 9999 9999 9999 9999 80 9999 44 9999 9999 9999 9999 38 9999 9999 44 9999 92 9999
9999 7 9999 9999 51 9999 9999 9999 9999 98 9999 70 9999 28 9999 45 9999 9999 9999 18 68 66 92 9999 9999 9999 27 9999 9999 9999 50 8 9999 17 18 9999 71 9999 9999 9999 9999 42 9999 9999 9999 72 9999 94 9999 61 94 9999 9999 9999 9999 9999 28 9999 9999 9999 54 92 9999 47 9999 9999 16 9999 9999 9999 9999 9999 9999 9999 9999 9999 9999 9999 9999 25 70 56 9999 73 9999 9999 56 72 9999 9999 9999 19 9999 26 4 49 9999 9999 89 9999
9999 9999 9999 9999 75 9999 9999 9999 9999 9999 9999 9999 77 9999 9999 9999 9999 9999 9999 9999 86 24 100 79 9999 9999 22 93 79 9999 99 9999 8 9999 9999 71 9999 9999 86 9 9999 9999 9999 24 9999 97 9999 9999 18 9999 9999 13 94 9999 97 51 9999 9999 9999 60 9999 84 9999 9999 9999 9999 9999 85 9999 9999 37 9999 9999 9999 9999 9999 86 9999 74 9999 9999 9999 50 9999 9999 9999 9999 9999 9999 9999 9999 9999 9999 9999 78 9999 47 9999 9999 9999
9999 9999 9999 9999 6 70 90 9999 74 9999 9999 76 9999 9999 9999 54 41 57 9999 62 9999 9999 23 9999 9999 9999 9999 9999 9999 68 9999 9999 9999 42 30 9999 9999 9999 9999 14 99 9999 9999 40 9999 9999 19 9999 9999 39 9999 9999 9999 9999 9999 57 16 13 9999 9999 9999 9999 1 9999 9999 95 9999 9999 9999 35 9999 9999 9999 9999 9999 29 9999 82 9999 9999 54 98 9999 9999 9999 9999 9999 9999 9999 23 73 9999 9999 9999 4 88 9999 9999 9999 9999
9999 9999 9999 17 9999 9999 72 9999 21 9999 9999 85 35 9999 9999 100 9999 72 52 59 9999 9999 45 9999 9999 9999 9999 9999 9999 57 2 9999 63 9999 9999 9999 86 9999 9999 9999 9999 9999 9999 57 9999 9999 9999 9999 34 9999 9999 29 9999 9999 9999 97 9999 9999 7 55 42 9999 9999 9999 9999 9999 72 9999 9999 9999 9999 9999 9999 9999 9999 9999 9999 19 9999 9999 1 9999 9999 60 9999 9999 9999 9999 9999 9999 17 9999 9999 9999 9999 9999 58 49 9999 9999
9999 9999 86 9999 90 9999 9999 48 9999 9999 1 9999 55 73 18 9999 25 21 9999 9999 35 31 9999 9999 58 57 30 9999 93 9999 64 9999 9999 9999 9999 9999 9 14 9999 9999 9999 8 88 50 9999 9999 70 52 9999 9999 32 9999 9999 9999 9999 9999 63 9999 86 98 61 9999 9999 9999 9999 9999 42 9999 9999 9999 9999 44 9999 9999 9999 9999 9999 9999 67 9999 73 9999 9999 86 9999 9999 9999 9999 9999 9999 9999 9999 46 9999 9999 36 48 79 9999 9999
9999 9999 36 9999 82 9999 9999 9999 93 86 9999 9999 53 9999 23 9999 9999 9999 9999 33 9999 9999 2 9999 9999 9999 9999 12 9999 9999 9999 9999 9999 89 57 9999 9999 99 9999 9999 9999 9999 9999 9999 9999 90 9999 9999 51 9999 9999 9999 9999 9999 30 9999 9999 61 9999 9999 9999 20 30 9999 71 9999 9999 9999 9999 9999 94 9999 9999 9999 26 34 9999 9999 9999 9999 9999 9999 9999 9999 9999 9999 9999 9999 9999 9999 9999 9999 9999 9999 9999 73 9999 9999 9999 84
9999 9999 37 9999 9999 9999 9999 9999 9999 9999 9999 94 9999 9999 9999 9999 55 9999 9999 9999 9999 92 9999 84 9999 9999 9999 9999 9999 9999 44 9999 68 9999 67 42 9999 9999 9999 8 9999 9999 9999 9999 9999 71 9999 9999 29 94 9999 9999 9999 12 17 95 9999 9999 9999 36 9999 9999 45 9999 9999 100 9999 9999 9999 9999 9999 9999 99 9999 9999 9999 4 9999 9999 9999 35 9999 65 9999 70 9999 9999 9999 66 9999 54 9999 9999 9999 47 9999 57 9999 9999 60
9999 9999 9999 9999 9999 9999 9999 9999 9999 23 9999 39 9999 9999 9999 9999 70 9999 9999 9999 33 9999 9999 9999 9999 9999 9999 100 9999 9999 30 89 9999 45 50 9999 9999 9999 9999 88 9999 9999 9999 9999 9999 9999 50 9999 9999 9999 9999 9999 9999 4 9999 76 57 9999 9999 9999 9999 9999 9999 9999 9999 9999 9999 9999 9999 9999 52 84 9999 10 50 53 9999 9999 9999 68 9999 10 9999 43 9999 9999 9999 9999 9999 9999 79 9999 9999 9999 9999 9999 9999 9999 9999 54
9999 8 9999 46 9999 9999 9999 9999 23 85 9999 9999 9999 9999 9999 9999 9999 46 65 9999 9999 77 9999 9999 9999 9999 9999 9999 54 49 9999 9999 58 83 9999 9999 24 40 57 50 9999 9999 9999 9999 9999 9999 9999 78 9999 9999 9999 9999 78 9999 10 9999 9999 9999 9999 9999 9999 9999 48 9999 9999 9999 9999 9999 9999 17 9999 9999 50 82 79 100 9999 9999 32 9999 9999 9999 9999 9999 9999 9999 9999 72 80 9999 9999 20 23 9999 9999 9999 9999 17 9999 9999
9999 9999 9999 9999 9999 71 9999 20 9999 57 9999 9999 42 9999 9999 9999 9999 9999 9999 9999 9999 79 9999 4 9999 9999 9999 91 9999 87 94 9999 75 9999 9999 9999 9999 9999 9999 9999 9999 9999 9999 9999 9999 9999 9999 9999 9999 9999 9999 9999 9999 9999 9999 9999 16 9999 9999 9999 9999 9999 86 9999 9999 9999 9999 9999 9999 9999 21 9999 9999 9999 7 9999 9999 9999 9999 9999 9999 60 9999 9999 9999 9999 9999 9999 9999 9999 9999 85 51 9999 27 9999 9999 65 46 9999
9999 9999 9999 9999 9999 9999 9999 33 9999 9999 9999 9999 26 9999 9999 9999 9999 9999 9999 92 9999 9999 9999 9999 9999 1 9999 62 9999 9999 30 9999 9999 9999 9999 72 97 9999 9999 9999 90 71 9999 9999 9999 9999 9999 9999 9999 96 34 9999 9999 9999 2 9999 9999 9999 9999 9999 9999 19 9999 2 9999 9999 58 9999 9999 9999 57 9999 73 65 9999 9999 9999 9999 9999 23 71 9999 9999 9999 9999 9999 9999 9999 9999 67 9999 9999 9999 9999 21 9999 9999 13 9999 9999
9999 59 9999 9999 83 24 9999 25 9999 55 20 9999 65 9999 9999 9999 9999 9999 9999 1 9999 36 9999 56 36 9999 78 15 29 9999 9999 9999 13 32 9999 9999 9999 19 9999 70 9999 9999 50 9999 9999 9999 9999 9999 9999 9999 93 9999 9999 9999 9999 22 23 8 9999 14 9999 9999 9999 9999 9999 9999 9999 91 9999 9999 9999 9999 9999 9999 9999 9999 9999 62 51 9999 62 9999 9999 9999 9999 84 9999 18 9999 9999 9999 43 9999 9999 95 37 9999 9999 9999 9999
9999 9999 67 9999 9999 9999 9999 9999 9999 50 9999 9999 57 2 9999 9999 9999 9999 9999 56 9999 9999 9999 9999 9999 9999 9999 9999 9999 9999 9999 9999 9999 9999 9999 94 9999 9999 9999 52 9999 9999 9999 78 9999 9999 9999 9999 9999 9999 9999 66 9999 25 44 81 9999 74 9999 9999 9999 9999 9999 9999 9999 9999 9999 9999 75 9999 9999 9999 9999 97 9999 9999 9999 9999 10 9999 4 9999 9999 9999 9999 9999 9999 43 9999 9999 9999 9999 9999 9999 11 9999 96 9999 9999 9999
9999 9999 27 34 9999 61 9999 65 96 75 28 85 9999 9999 9999 9999 9999 9999 9999 9999 9999 9999 3 9999 9999 38 9999 49 12 9999 9999 9999 9999 9999 47 9999 18 9999 34 9999 51 29 9999 9999 9999 9999 9999 9999 9999 9999 9999 9999 9999 9999 9999 67 9999 99 9999 75 9999 9999 9999 9999 9999 9999 9999 9999 9999 9999 9999 9999 9999 9999 9999 78 9999 9999 9999 92 9999 9999 9999 31 9999 9999 9999 64 9999 94 45 9999 74 9999 9999 71 9999 9999 9999 9999
9999 9999 9999 9999 9999 97 38 2 9999 9999 90 9999 9999 9999 31 9999 43 31 9999 9999 9999 9999 9999 9999 2 35 9999 9999 9999 9999 9999 9999 9999 87 17 61 9999 39 9999 9999 9999 94 9999 9999 9999 96 9999 9999 9999 9999 9999 9999 9999 17 21 9999 98 9999 9999 9999 9999 55 9999 51 73 9999 9999 9999 9999 79 9999 7 9999 37 9999 9999 9999 9999 9999 9999 9999 9999 71 9999 52 9999 98 9999 22 88 97 9999 9999 24 9999 28 9999 17 9999 9999
9999 54 9999 9999 9999 9999 2 9999 9999 9999 9999 9999 9999 5 9999 4 49 9999 10 9999 9999 9999 9999 9999 48 53 48 9999 9999 9999 53 10 90 6 9999 94 9999 9999 9999 32 9999 9999 9999 9999 9999 34 93 9999 9999 9999 9999 9999 52 82 5 9999 9999 9999 9999 24 9999 9999 9999 9999 9999 9999 9999 46 9999 9999 9999 62 9999 9999 9999 7 9999 8 88 59 9999 9999 18 9999 11 9999 9999 62 9999 60 25 9999 77 55 9999 9999 9999 9999 9999 24
9999 40 31 9999 29 77 71 9999 78 53 9999 1 9999 22 10 52 98 9999 9999 9999 9999 9999 9999 29 9999 75 41 9999 9999 53 9999 57 9999 9999 13 9999 13 9999 29 9999 9999 9999 9999 9999 9999 9999 9999 66 9999 9999 9999 9999 9999 9999 9999 9999 9999 9999 52 9999 2 16 37 52 9999 9999 9999 41 9999 9999 9999 25 63 9999 76 9999 9999 9999 9999 9999 9999 9999 9999 9999 21 9999 9999 9999 9999 9999 9999 58 9999 9999 33 9999 9999 9999 68 9999
9999 9999 9999 100 44 9999 9999 98 9999 25 73 9999 55 9999 9999 9999 77 3 9999 9999 19 51 9999 47 9999 7 9999 9999 9999 98 9999 9999 9999 9999 9999 9999 94 9999 9999 9999 9999 9999 9999 78 9999 9999 9999 9999 9999 9999 52 9999 9999 9999 9999 9999 98 9999 9999 9999 9999 9999 15 9999 73 9999 9999 9999 9999 9999 9999 9999 60 9999 9999 9999 9999 80 67 97 9999 9999 9999 1 9999 9999 62 9999 47 9999 63 9999 38 84 9999 9999 9999 9999 9999 9999
9999 9999 9999 9999 9999 49 9999 9999 9999 9999 81 9999 9999 9999 69 9999 9999 68 94 9999 9999 9999 19 16 9999 9999 9999 9999 89 9999 9999 9999 9999 9999 9999 9999 9999 9999 9999 9999 9999 12 4 9999 9999 9999 9999 25 9999 17 82 9999 9999 9999 9999 9999 18 79 9999 9999 9999 9999 3 9999 9999 19 9999 9999 86 9999 9999 9999 9999 9999 9999 5 8 36 9999 9999 49 33 9999 86 71 9999 9999 9999 9999 61 9999 22 54 9999 9999 9999 71 9999 9999 9999
9999 9999 9999 9999 9999 7 78 9999 9999 9999 9999 14 9999 9999 9999 39 15 9999 97 74 57 9999 9999 9999 9999 46 9999 9999 69 68 42 9999 9999 99 80 9999 97 9999 9999 9999 30 17 9999 10 9999 2 9999 44 9999 21 5 9999 9999 9999 9999 67 9999 9999 9999 9999 27 11 9999 9999 9999 9999 9999 9999 33 9999 9999 9999 9999 9999 9999 9999 16 9999 9999 9999 9999 9999 9999 9999 39 56 6 9999 9999 83 9999 9999 9999 44 9999 91 9999 13 6 44
9999 9999 9999 19 81 9999 9999 9999 9999 64 9999 9999 91 87 9999 9999 9999 93 9999 3 9999 9999 36 9999 9999 9999 9999 85 75 9999 9999 53 9999 9999 9999 9999 51 57 97 9999 9999 95 76 9999 9999 9999 22 81 67 9999 9999 9999 9999 9999 67 9999 9999 31 9999 13 60 9999 9999 9999 9999 9999 9999 6 9999 9999 100 9999 9999 9999 35 9999 9999 9999 44 9999 9999 92 9999 9999 9999 9999 9 9999 16 9999 9999 9999 9999 9999 14 9999 86 9999 9999 9999
9999 3 9999 9999 9999 9999 9999 84 31 35 9999 9999 9999 9999 9 9999 9999 9999 9999 73 9999 9999 9999 9999 9999 9999 9999 9999 9999 9999 27 9999 9999 45 9999 28 9999 16 9999 63 9999 9999 57 9999 16 9999 23 9999 9999 98 9999 9999 98 18 9999 9999 9999 67 76 9999 9999 9999 78 27 86 68 9999 10 9999 9999 9999 9999 9999 98 9999 9999 61 9999 9999 9999 82 96 9999 9999 9999 79 9999 100 9999 9999 67 9999 22 9999 9999 9999 50 9999 9999 9999
9999 12 9999 9999 9999 43 9999 43 9999 9999 9999 9999 50 34 9999 92 9999 32 30 14 9999 9999 9999 9999 9999 96 38 9999 88 9999 9999 84 9999 43 47 9999 9999 13 9999 9999 61 9999 9999 9999 9999 9999 8 74 99 9999 9999 9999 9999 79 9999 31 67 9999 1 9999 9999 9999 9999 9999 9999 9999 9999 80 57 9999 9999 9999 9999 9999 9999 29 9999 9999 9999 9999 9999 42 9999 9999 51 9999 82 100 9999 9999 9999 9999 9999 9999 9999 9999 9999 9999 9999 9999
9999 9999 9999 39 20 94 68 9999 9999 9999 9999 9999 9999 9999 25 9999 9999 9999 6 79 9999 95 14 9999 9999 9999 84 9999 9999 9999 1 9999 78 9999 9999 9999 9999 9999 7 86 9999 9999 9999 9999 9999 9999 9999 9999 9999 9999 9999 52 9999 9999 9999 9999 76 1 9999 26 9999 9999 70 9999 9999 80 9999 9999 9999 9999 35 9999 79 9999 9999 9999 88 9999 55 9999 26 9999 32 9999 9999 56 9999 51 42 9999 12 18 9999 5 7 9999 13 9999 9999 7
9999 32 9999 64 9999 9999 9999 9999 9999 9999 9999 9999 9999 9999 44 9999 9999 9999 9999 9999 65 9999 9999 9999 9999 9999 28 9999 9999 9999 16 13 9999 9999 17 9999 60 9999 55 98 9999 36 9999 9999 9999 9999 14 9999 75 9999 24 9999 9999 9999 9999 13 9999 9999 26 9999 21 71 9999 9999 80 9999 22 9999 9999 9999 13 9999 9999 100 90 9999 9999 9999 9999 13 94 9999 9999 9999 9999 9999 9999 9999 9999 15 9999 54 9999 9999 39 9999 9999 9999 9999 9999
9999 9999 9999 6 9999 79 9999 69 9999 9999 76 9999 73 9999 9999 9999 9999 9999 9999 100 9999 9999 9999 9999 9999 9999 9999 9999 32 51 9999 69 9999 9999 9999 54 9999 9999 42 61 9999 9999 9999 9999 9999 9999 9999 9999 9999 9999 9999 2 9999 9999 27 60 9999 9999 9999 21 9999 9999 49 63 9999 9999 86 9999 9999 9999 9999 9999 9999 9999 9999 81 9999 16 9999 9999 9999 9999 37 9999 9999 9999 9999 9999 9999 9999 9999 19 75 9999 9999 98 9999 9999 47 9999
9999 9999 9999 7 9999 9999 9999 86 9999 73 41 9999 9999 99 9999 9999 9999 9999 9999 9999 65 9999 9999 80 9999 9999 9999 60 9999 67 9999 9999 9999 9999 58 92 84 9999 9999 9999 20 9999 9999 9999 9999 19 9999 9999 9999 55 9999 16 9999 9999 11 9999 9999 9999 9999 71 9999 9999 80 9999 9999 9999 9999 9999 35 9999 9999 9999 9999 9999 9999 9999 9999 9999 21 9999 94 61 9999 83 9999 9999 9999 9999 79 9999 9999 29 9999 59 44 9999 94 84 9999 9999
9999 9999 31 9999 9999 9999 9999 48 9999 9999 9999 27 9999 97 9999 9999 9999 9999 9999 9999 9999 9999 9999 35 56 30 9999 4 9999 17 48 46 9999 9999 9999 9999 9999 1 9999 9999 30 45 9999 48 86 9999 9999 9999 9999 9999 9999 37 15 3 9999 9999 78 9999 70 9999 49 80 9999 9999 66 9999 9999 85 9999 9999 9999 9999 9999 9999 90 9999 9999 94 37 9999 9999 9999 80 9999 62 9999 61 17 9999 9999 9999 9999 9999 9999 95 9999 50 9999 9999 9999
9999 9999 9999 9999 70 9999 57 9999 9999 9999 9999 9999 9999 9999 9999 9999 9999 6 9999 9999 9999 9999 9999 4 9999 9999 8 9999 9999 9999 9999 9999 9999 15 9999 47 9999 9999 9999 9999 9999 9999 9999 9999 9999 2 9999 9999 9999 51 9999 52 9999 9999 9999 9999 27 9999 9999 9999 63 9999 9999 9999 9999 9999 18 9999 9999 76 28 9999 9999 9999 9999 9999 9999 9999 11 9999 9999 9999 31 9999 78 9999 9999 9999 9999 63 9999 9999 9999 9999 9999 9999 9999 20 61 9999
9999 9999 82 9999 9999 9999 9999 9999 9999 99 9999 9999 9999 9999 84 9999 9999 35 9999 9 9999 9999 72 9999 9999 9999 9999 67 9999 9999 9999 9999 9999 9999 93 9999 9999 9999 9999 9999 71 9999 9999 9999 9999 9999 9999 9999 9999 73 9999 9999 73 9999 9999 9999 86 9999 9999 80 9999 9999 66 9999 9999 9999 9999 9999 9999 69 57 9999 9999 9999 69 9999 9999 9999 9999 9999 9999 59 9999 9999 9999 7 9999 9999 88 9999 9999 23 9999 9999 9999 9999 9999 49 9999 9999
9999 9999 6 17 9999 9999 87 9999 9999 9999 9999 83 30 41 9999 9999 97 9999 9999 58 9999 9999 9999 22 9999 9999 9999 69 68 39 83 9999 68 9999 9999 9999 9999 95 9999 9999 9999 100 9999 9999 9999 9999 9999 9999 9999 9999 9999 9999 9999 19 9999 9999 68 9999 80 9999 9999 9999 9999 9999 9999 9999 60 9999 9999 90 9999 9999 9999 9999 9999 94 9999 9999 9999 9999 9999 9999 84 9999 9999 9999 95 9999 9999 28 9999 91 9999 9999 9999 9999 28 9999 9999 9999
9999 9999 36 9999 20 9999 9999 9999 9999 9999 4 9999 9999 9999 9999 9999 9999 9999 74 9999 9999 9999 9999 9999 9999 9999 9999 9999 9999 9999 9999 9999 88 9999 9999 16 9999 9999 72 42 9999 9999 9999 9999 9999 58 9999 9999 9999 9999 9999 9999 9999 9999 9999 9999 9999 9999 9999 22 86 9999 9999 18 9999 60 9999 9999 9999 9999 9999 71 9999 9999 100 9999 49 20 9999 18 9999 9999 67 9999 9999 9999 9999 82 9999 92 90 36 9999 9999 9999 100 9999 41 9999 9999
9999 9999 99 9999 9999 66 9999 78 9999 80 85 76 9999 9999 9999 35 9999 72 9999 9999 9999 9999 9999 9999 100 9999 9999 9999 9999 9999 9999 96 9999 9999 60 9999 85 9999 9999 9999 9999 9999 9999 9999 9999 9999 91 9999 9999 9999 46 41 9999 9999 9999 6 10 80 9999 9999 9999 9999 85 9999 9999 9999 9999 9999 9999 17 9999 9999 9999 9999 9999 9999 9999 9999 9999 14 100 83 9999 9999 9999 9999 9999 70 93 9999 64 23 6 9999 9999 9999 9999 9999 9999 84
9999 92 30 9999 38 9999 9999 56 9999 9999 9999 9999 74 9999 35 9999 9999 9999 9999 9999 9999 9999 9999 9999 9999 52 9999 9999 9999 9999 9999 9999 9999 9999 53 9999 9999 9999 9999 9999 9999 9999 9999 9999 9999 9999 9999 75 9999 9999 9999 9999 9999 86 33 9999 9999 57 9999 9999 9999 35 9999 9999 9999 9999 9999 9999 9999 9999 9999 9999 9999 9999 9999 76 82 38 9999 9999 9999 9999 9999 9999 9999 9999 9999 9999 79 99 9999 9999 9999 9999 22 9999 9999 86 99 9999
9999 9999 9999 59 9999 9999 58 9999 9999 9999 25 9999 9999 9999 9999 9999 77 45 9999 9999 9999 9999 9999 7 32 36 9999 7 52 67 18 9999 9999 9999 63 9999 9999 35 9999 9999 9999 9999 9999 17 9999 9999 9999 9999 9999 79 9999 9999 9999 9999 9999 9999 9999 9999 9999 9999 9999 9999 9999 76 69 90 9999 17 9999 9999 9999 1 9999 9999 9999 68 9999 9999 9999 9999 9999 9999 9999 9999 96 9999 69 9999 9999 9999 67 49 9999 9999 9999 9999 27 1 71 9999
9999 64 6 9999 9999 9999 61 9999 45 9999 76 8 9999 9999 9999 9999 30 9999 9999 9999 9999 9999 49 9999 9999 37 9999 42 9999 9999 9999 9999 9999 9999 9999 9999 37 9999 9999 9999 94 9999 52 9999 21 57 9999 9999 9999 9999 9999 9999 9999 9999 9999 100 9999 9999 35 13 9999 9999 9999 28 57 9999 9999 9999 9999 9999 9999 69 15 9999 9999 9999 9999 9999 71 47 9999 76 1 9999 49 9999 9999 9999 8 38 9999 9999 11 9999 9999 9999 9999 90 96 11
9999 9999 9999 9999 9999 9999 64 59 9999 9999 5 66 9999 79 7 9999 43 9999 9999 9999 9999 7 9999 9999 9999 27 9999 23 9999 9999 94 61 9999 9999 9999 9999 9999 9999 9999 44 9999 9999 84 9999 9999 9999 9999 9999 9999 7 62 25 9999 9999 9999 9999 9999 9999 9999 9999 9999 9999 9999 9999 9999 9999 71 9999 9999 1 69 9999 72 68 9999 9999 9999 9999 9999 77 9999 9999 9999 9999 74 9999 9999 9999 9999 9999 9999 62 9999 9999 99 9999 9999 77 54 9999
9999 9999 9999 72 27 9999 93 35 9999 9999 22 9999 9999 9999 9999 31 9999 9999 9999 9999 10 3 9999 9999 9999 86 82 9999 95 9999 76 9999 70 9999 9999 9999 9999 9999 9999 9999 9999 99 9999 50 9999 73 9999 9999 9999 9999 9999 63 60 9999 9999 9999 9999 9999 79 9999 9999 9999 9999 9999 9999 9999 9999 9999 9999 9999 15 72 9999 9999 9999 9999 9999 9999 9999 9999 83 99 73 67 9999 9999 9999 9999 9999 9999 9999 9999 82 9999 9999 9999 9999 9999 81 9999
9999 9999 9999 86 9999 9999 9999 9999 9999 9999 9999 9999 9999 34 9999 9999 9999 9999 9999 9999 60 9999 9999 9999 9999 9999 94 9999 5 9999 36 9999 9999 59 9999 9999 9999 9999 9999 9999 9999 9999 10 82 9999 65 9999 97 9999 37 9999 9999 9999 9999 9999 9999 98 9999 9999 100 9999 9999 9999 9999 9999 9999 9999 9999 9999 9999 9999 68 9999 9999 56 9999 9999 9999 53 9999 47 9999 9999 9999 9999 64 28 75 97 9999 88 9999 9999 65 95 9999 9999 9999 9999 35
9999 9999 16 9999 75 9999 2 98 51 4 55 9999 9999 9999 46 69 9999 9999 9999 9999 9999 47 57 9999 9999 9999 9999 9999 9999 9999 9999 9999 9999 40 9999 9999 9999 9999 9999 9999 26 9999 50 79 7 9999 9999 9999 9999 9999 9999 76 9999 9999 9999 35 9999 9999 9999 90 9999 9999 90 9999 69 9999 100 9999 9999 9999 9999 9999 9999 56 9999 9999 9999 9999 64 74 9999 9999 14 54 80 55 9999 9999 9999 76 3 52 88 9999 9999 54 9999 83 9999 9999
9999 67 9999 9999 9999 9999 82 91 9999 9999 46 9999 9999 9999 9999 9999 9999 3 9999 9999 69 9999 9999 97 5 16 9999 9999 9999 49 9999 9999 9999 9999 9999 9999 9999 29 9999 9999 34 9999 53 100 9999 9999 9999 9999 78 9999 7 9999 9999 5 9999 9999 9999 29 9999 9999 81 9999 9999 9999 9999 94 9999 9999 76 68 9999 9999 9999 9999 9999 9999 90 9999 9999 9999 5 9999 9999 9999 84 9999 9999 9999 9999 82 86 9999 9999 69 9999 9999 9999 47 9999 9999
9999 9999 9999 9999 9999 9999 92 9999 9999 9999 9999 9999 9999 9999 91 9999 9999 29 9999 37 82 9999 3 9999 9999 24 9999 9999 93 9999 33 9999 9999 9999 9999 9999 86 9999 9999 9999 9999 4 9999 9999 9999 9999 9999 9999 9999 9999 9999 9999 9999 8 16 9999 61 9999 88 9999 9999 9999 9999 9999 9999 9999 49 9999 82 9999 9999 9999 9999 9999 9999 90 9999 9999 22 9999 9999 9999 94 9999 9999 9999 9999 9999 95 9999 62 8 34 97 9999 9999 15 96 9999 9999
9999 9999 52 9999 9999 69 9999 9999 39 9999 9999 9999 50 9999 9999 37 9999 9999 9999 9999 81 9999 9999 9999 9999 9999 8 9999 9999 63 9999 9999 9999 9999 9999 9999 9999 82 19 9999 9999 9999 9999 9999 9999 9999 62 9999 9999 9999 8 9999 80 36 9999 9999 9999 9999 9999 9999 16 9999 94 9999 9999 9999 20 9999 38 9999 9999 9999 9999 9999 9999 9999 9999 9999 95 9999 42 9999 57 9999 9999 9999 9999 9999 9999 9999 9999 94 9999 9999 9999 9999 9999 9999 9999 9999
9999 9999 9999 9999 9999 9999 9999 9999 9999 9999 70 9999 9999 61 44 9999 9999 51 9999 9999 62 9999 9999 82 9999 82 9999 9999 15 9999 9999 9 9999 13 9999 9999 74 9999 9999 67 9999 9999 9999 32 9999 9999 51 10 9999 9999 88 9999 67 9999 9999 44 9999 9999 55 9999 9999 21 37 11 9999 9999 9999 9999 9999 9999 71 9999 9999 53 64 9999 22 95 9999 9999 92 9999 9999 52 9999 9999 32 19 9999 40 9999 9999 9999 43 9999 9999 9999 9999 9999 9999
9999 22 9999 9999 9999 9999 72 10 9999 45 22 9999 9999 9999 9999 9999 9999 9999 51 9999 53 9999 9999 9999 9999 9999 9999 9999 9999 9999 9999 71 36 9999 39 25 9999 9999 9999 9999 9999 9999 68 9999 9999 23 9999 9999 92 9999 59 9999 97 9999 9999 9999 9999 9999 9999 13 9999 9999 9999 9999 9999 9999 18 14 9999 9999 47 77 9999 9999 74 9999 9999 9999 9999 9999 9999 83 22 19 9999 60 9999 11 83 9999 9999 28 9999 9999 9999 9999 9999 9999 9999 50
9999 89 9999 9999 9999 9999 9999 9999 9999 43 97 9999 9999 9999 9999 9999 21 24 9999 30 9999 9999 97 9999 84 56 9999 46 9999 9999 9999 78 87 9999 97 70 9999 54 1 73 9999 35 9999 9999 9999 71 62 4 9999 9999 9999 9999 9999 49 9999 9999 82 9999 26 94 9999 94 9999 9999 9999 9999 9999 100 9999 9999 9999 9999 83 47 9999 5 9999 42 92 9999 9999 9999 9999 9999 9999 24 36 9999 45 9999 88 9999 36 9999 30 9999 9999 48 9999 12
9999 98 9999 9999 53 9999 9999 9999 54 49 9999 9999 91 9999 37 9999 9999 9999 9999 71 37 68 9999 9999 9999 9999 18 64 64 9999 9999 9999 9999 9999 9999 56 9999 98 9999 9999 9999 9999 10 9999 60 9999 9999 9999 9999 9999 9999 9999 9999 33 9999 92 96 42 9999 9999 9999 61 9999 9999 59 9999 9999 83 9999 9999 76 9999 99 9999 9999 9999 9999 9999 9999 83 9999 9999 9999 48 9999 9999 9999 9999 19 64 9999 9999 63 9999 9999 1 5 9999 34 9999
9999 9999 9999 9999 52 9999 9999 2 9999 9999 9999 9999 77 20 9999 9999 82 9999 54 2 94 22 9999 9999 9999 9999 9999 46 9999 9999 9999 9999 66 99 9999 9999 50 9999 9999 9999 9999 65 9999 9999 9999 9999 9999 9999 9999 71 18 9999 9999 9999 9999 9999 9999 9999 32 9999 37 9999 80 31 9999 84 67 9999 9999 9999 1 9999 73 9999 14 9999 94 57 9999 22 9999 9999 9999 9999 9999 23 88 9999 89 33 83 9999 9999 9999 50 9999 9999 9999 71 9999
9999 65 7 20 9999 9999 9999 9999 65 96 9999 9999 9999 9999 9999 37 9999 9999 9999 44 22 9999 9999 9999 9999 9999 98 27 9999 9999 9999 9999 93 9999 9999 73 9999 9999 60 86 9999 9999 43 9999 9999 9999 9999 9999 31 9999 9999 9999 1 86 9999 9999 9999 9999 9999 9999 9999 83 9999 9999 9999 9999 9999 9999 9999 9999 9999 9999 67 9999 54 9999 9999 9999 52 19 9999 48 9999 9999 9999 9999 88 9999 9999 9999 9999 9999 9999 90 9999 9999 9999 9999 92 9999
9999 9999 9999 9999 9999 9999 9999 80 9999 2 92 9999 9999 9999 9999 9999 9999 9999 9999 9999 9999 85 9999 9999 9999 9999 9999 9999 9999 9999 27 9999 70 9999 9999 9999 9999 9999 9999 9999 9999 70 9999 9999 9999 9999 9999 9999 9999 52 11 21 9999 71 39 9999 9999 51 9999 9999 9999 9999 62 78 9999 9999 9999 9999 9999 96 49 74 9999 9999 80 84 9999 9999 9999 9999 9999 9999 9999 9999 9999 9999 9999 50 9999 9999 9999 9999 9999 9999 9999 9999 9999 9999 9999 9999
9999 12 9999 9999 9999 9999 27 17 9999 34 9999 83 9999 9999 9999 9999 9999 9999 30 9999 62 9999 9999 99 53 3 9999 48 9999 9999 87 9999 96 33 9999 9999 9999 9999 9999 9999 9999 9999 9999 9999 9999 9999 84 9999 9999 9999 9999 9999 9999 9999 56 9999 79 9999 56 9999 9999 9999 9999 9999 7 9999 9999 9999 9999 9999 9999 9999 9999 64 55 9999 9999 9999 9999 60 24 9999 23 9999 9999 9999 9999 9999 97 9999 40 64 9999 9999 45 9999 9999 9999 9999 9999
9999 8 9999 9999 9999 83 63 9999 76 9999 9999 9999 9999 100 9999 9999 9999 9999 9999 9999 63 9999 9999 9999 9999 58 9999 9999 9999 82 9999 40 53 62 80 56 9999 9999 9999 9999 9999 9999 9999 9999 9999 9999 9999 9999 9999 98 9999 9999 62 9999 6 9 9999 82 9999 9999 9999 9999 61 9999 9999 95 9999 9999 9999 69 9999 9999 9999 28 9999 9999 9999 9999 32 9999 36 9999 88 88 9999 9999 9999 9999 9999 13 9999 29 9999 9999 97 19 57 9999 9999 9999
9999 9999 9999 9999 54 9999 9999 9 9999 9999 9999 9999 9999 91 9999 40 9999 9999 9999 69 63 9999 71 9999 3 9999 9999 69 9999 9999 9999 24 9999 38 9999 72 9999 9999 9999 9999 9999 9999 9999 72 9999 9999 18 43 64 9999 62 9999 9999 9999 9999 9999 100 100 51 9999 9999 9999 17 9999 9999 9999 82 70 9999 9999 9999 9999 9999 75 9999 9999 9999 9999 19 11 9999 9999 9999 9999 50 9999 9999 9999 9999 9999 9999 9999 9999 9999 9999 24 28 9999 9999 39
9999 9999 9999 39 9999 9999 9999 9999 9999 9999 9999 9999 9999 9999 9999 9999 9 9999 9999 35 9999 62 9999 9999 9999 9999 38 9999 9999 9999 9999 20 91 90 44 9999 9999 9999 9999 9999 9999 66 9999 80 9999 9999 9999 9999 9999 22 9999 9999 47 9999 9999 16 9999 9999 42 9999 9999 79 9999 9999 88 9999 9999 93 79 9999 8 9999 9999 97 9999 9999 95 9999 9999 83 45 19 89 9999 9999 97 9999 9999 9999 9999 60 9999 33 34 9999 9999 9999 9999 9999 20
9999 9999 5 9999 9999 9999 9999 9999 70 10 9999 51 43 9999 15 9999 70 9999 9999 9999 9999 84 9999 9999 14 9999 9999 37 9999 91 9 9999 46 9999 9999 9999 9999 23 9999 9999 9999 9999 9999 9999 9999 67 9999 9999 94 88 60 9999 9999 61 83 9999 9999 9999 9999 15 9999 9999 9999 63 9999 28 92 9999 99 9999 38 9999 9999 9999 76 82 9999 9999 40 9999 9999 64 33 9999 9999 9999 13 9999 9999 9999 9999 9999 62 77 42 9999 9999 9999 9999 9999
9999 84 9999 39 8 9999 65 9999 9999 9999 9999 50 9999 9999 9999 52 9999 9999 9999 9999 9999 9999 9999 9999 9999 9999 93 9999 9999 49 9999 9999 9999 9999 9999 9999 9999 73 17 9999 9999 54 79 9999 9999 9999 9999 9999 45 97 25 9999 63 9999 9999 9999 67 9999 12 9999 9999 9999 9999 9999 9999 9999 90 64 9999 67 9999 9999 9999 88 3 86 62 9999 9999 9999 88 9999 83 9999 9999 40 9999 9999 60 9999 9999 9999 9999 9999 27 9999 9999 9999 86 9999
9999 9999 9999 9999 9999 9999 57 9999 9999 9999 9999 9999 9999 9999 9999 9999 9999 70 9999 9999 56 9999 64 9999 9999 9999 35 9999 9999 9999 9999 34 9999 9999 9999 19 9999 9999 9999 9999 9999 9999 9999 20 85 9999 43 9999 9999 9999 9999 58 9999 22 9999 9999 9999 9999 18 54 19 29 9999 9999 23 91 36 23 9999 49 9999 62 9999 9999 52 9999 8 94 9999 28 9999 9999 9999 9999 9999 64 29 9999 9999 9999 9999 9999 9999 9999 29 9999 9999 8 9999 22
9999 9999 4 9999 9999 37 9999 9999 18 9999 35 9999 71 54 9999 45 9999 9999 9999 64 33 9999 4 82 9999 9999 9999 9999 9999 9999 9999 9999 9999 44 9999 9999 9999 9999 9999 46 9999 9999 9999 23 51 9999 9999 9999 74 9999 77 9999 38 54 9999 9999 22 9999 9999 9999 75 9999 9999 9999 9999 9999 9999 6 9999 9999 11 9999 82 9999 88 9999 34 9999 9999 9999 36 63 9999 9999 9999 9999 9999 9999 33 62 9999 9999 9999 9999 9999 96 9999 57 9999 9999
9999 89 44 9999 9999 9999 9999 9999 9999 9999 81 9999 30 9999 89 87 17 98 9999 34 24 9999 9999 9999 9999 9999 9999 9999 9999 9999 71 19 71 18 38 26 9999 9999 9999 9999 9999 9999 9999 9999 9999 9999 9999 9999 9999 24 55 9999 84 9999 44 9999 9999 9999 5 9999 9999 59 9999 9999 9999 9999 9999 9999 9999 9999 9999 9999 9999 65 9999 69 97 9999 43 9999 9999 9999 9999 90 9999 9999 9999 9999 34 77 9999 9999 9999 9999 9999 9999 74 66 63 74
9999 9999 91 9999 80 9999 39 9999 9 9999 78 9999 9999 58 9999 41 9999 9999 9999 9999 9999 9999 9999 9999 9999 61 26 9999 9999 9999 9999 9999 9999 9999 9999 4 78 4 9999 9999 9999 47 9999 9999 27 21 95 11 9999 9999 9999 33 9999 9999 9999 14 9999 9999 7 39 9999 44 95 9999 9999 9999 9999 9999 22 9999 9999 99 9999 95 9999 9999 9999 9999 9999 9999 30 9999 50 9999 9999 45 97 9999 9999 42 27 29 9999 9999 9999 43 9999 60 9999 24
9999 82 29 55 9999 9999 52 9999 9999 9999 2 9999 9999 9999 9999 9999 3 100 9999 9999 9999 9999 9999 9999 9999 77 9999 9999 9999 9999 9999 9999 50 24 9999 49 9999 88 9999 36 73 9999 9999 9999 9999 9999 37 9999 71 28 9999 9999 9999 9999 91 9999 9999 9999 9999 9999 98 9999 9999 9999 9999 9999 100 9999 9999 9999 9999 9999 9999 9999 54 9999 9999 9999 9999 9999 9999 1 9999 9999 9999 9999 19 24 9999 9999 9999 9999 96 9999 43 9999 9999 91 9999 99
9999 9999 9999 9999 30 9999 9999 52 18 96 9999 9999 9999 9999 9999 9999 9999 51 30 93 9999 2 9999 9999 92 9999 9999 9999 9999 61 3 9999 9999 9999 44 9999 47 9999 58 48 9999 57 9999 9999 9999 9999 9999 96 9999 9999 9999 9999 9999 71 9999 86 50 9999 13 9999 9999 94 50 9999 9999 28 9999 9999 9999 27 9999 9999 9999 9999 9999 9999 15 9999 9999 9999 9999 5 9999 9999 9999 9999 57 28 9999 9999 9999 9999 9999 74 9999 9999 9999 77 81 9999
9999 91 9999 9999 9999 60 9999 9999 9999 3 9999 9999 9999 64 9999 9999 68 9999 100 9999 99 9999 9999 9999 9999 43 9999 9999 9999 9999 10 9999 9999 57 9999 9999 9999 9999 49 79 9999 9999 9999 17 65 13 9999 9999 9999 17 9999 9999 9999 9999 13 9999 9999 9999 9999 9999 9999 84 9999 20 49 9999 41 9999 86 1 90 77 9999 9999 83 47 96 9999 9999 9999 48 9999 9999 9999 9999 9999 9999 9999 9999 9999 9999 8 57 66 60 91 77 9999 9999 9999
9999 9999 9999 51 56 9999 9999 9999 62 9999 15 37 19 25 9999 9999 9999 9999 9999 9999 53 37 9999 9999 9999 51 99 89 33 9999 76 9999 9999 9999 92 89 9999 9999 9999 9999 9999 9999 9999 9999 46 9999 9999 9999 9999 9999 9999 68 9999 9999 6 9999 9999 9999 9999 9999 47 9999 9999 61 9999 9999 9999 9999 99 71 96 54 81 9999 9999 9999 9999 9999 9999 9999 9999 34 71 92 9999 9999 9999 9999 9999 9999 86 9999 9999 63 9999 9999 81 9999 9999 9999
9999 47 9999 9999 9999 9999 9999 9999 9999 9999 73 57 32 29 9999 9999 15 9999 27 9999 9999 41 35 34 9999 9999 9999 9999 27 9999 9999 5 44 9999 9999 9999 9999 9999 9999 9999 84 60 54 9999 9999 9999 9999 9999 9999 9999 24 9999 9999 9999 44 9999 9999 9999 7 9999 9999 9999 9999 9999 9999 9999 9999 84 9999 9999 11 9999 9999 35 9999 9999 9999 9999 9999 50 12 9999 9999 9999 9999 9999 9999 39 20 9999 9999 22 9999 74 24 99 9999 9999 9999 9999
