100
9999 9999 9999 9999 9999 9999 9999 9999 9999 9999 9999 9999 9999 9999 9999 9999 9999 9999 9999 9999 9999 9999 9999 9999 9999 9999 9999 9999 9999 9999 9999 9999 9999 9999 9999 9999 9999 9999 9999 9999 9999 9999 9999 9999 9999 9999 9999 9999 9999 9999 9999 9999 9999 9999 9999 9999 9999 9999 9999 9999 9999 9999 9999 9999 9999 9999 9999 9999 9999 9999 9999 9999 9999 9999 9999 9999 9999 9999 9999 9999 9999 9999 9999 9999 9999 9999 9999 9999 9999 9999 9999 9999 9999 9999 9999 9999 9999 9999 9999 9999
9999 9999 27 23 31 31 53 92 18 82 51 45 13 74 70 58 39 42 8 43 76 22 53 55 95 45 51 35 2 73 68 94 22 13 58 73 95 3 29 92 78 16 78 67 15 82 3 95 95 40 96 85 28 47 97 81 84 56 75 91 14 85 76 67 97 68 14 93 37 44 87 16 99 37 11 32 31 28 91 22 34 70 69 9 87 10 67 20 8 12 15 82 94 38 13 29 96 49 77 52
9999 27 9999 30 83 53 69 1 35 44 92 78 72 65 68 78 33 76 97 15 90 59 21 43 10 94 90 59 85 62 32 92 67 60 27 60 81 53 87 87 84 85 19 30 47 12 60 83 91 41 53 24 8 38 55 69 28 49 32 84 60 66 43 11 73 49 8 93 31 76 64 24 91 71 83 54 5 33 15 77 15 88 19 84 12 37 54 4 61 61 75 9 68 44 9 81 38 35 2 7
9999 23 30 9999 88 69 79 64 23 2 22 42 97 98 73 95 71 14 33 41 5 28 1 95 33 71 2 65 47 70 32 84 1 60 42 88 92 96 3 25 66 92 51 79 21 93 83 100 94 70 95 15 9 57 30 35 81 6 90 30 45 92 86 40 92 88 90 63 16 60 12 28 56 47 46 92 14 39 45 20 55 18 64 92 24 5 56 88 97 73 83 45 32 42 9 100 87 77 46 63
9999 31 83 88 9999 83 97 35 89 19 100 37 27 29 16 95 77 6 46 66 8 98 15 23 83 15 43 78 79 47 52 17 71 10 46 85 65 47 62 76 90 90 23 50 96 91 55 16 13 23 35 91 28 34 93 94 50 90 9 89 17 69 10 60 7 54 99 40 88 72 12 87 67 50 19 60 14 78 64 62 31 98 39 47 49 44 88 14 79 87 36 44 15 99 35 21 6 18 46 83
9999 31 53 69 83 9999 41 92 91 49 86 86 44 45 80 59 21 87 34 60 2 54 15 38 80 98 26 2 81 76 28 26 70 37 52 2 34 91 40 46 98 56 73 21 88 26 44 40 91 49 46 40 81 1 92 14 60 66 26 26 13 48 56 97 4 41 7 65 42 99 41 2 46 25 80 19 24 46 45 100 53 41 82 69 99 42 75 41 1 43 96 24 37 34 17 83 86 63 55 5
9999 53 69 79 97 41 9999 24 33 66 97 53 54 93 58 37 11 58 79 82 56 66 25 76 34 12 3 86 66 22 12 68 22 17 28 89 12 35 37 8 87 62 63 51 50 90 79 34 25 45 34 68 24 13 4 19 95 8 9 7 66 51 4 59 29 8 97 25 91 69 14 25 32 29 82 98 30 45 35 18 34 53 54 33 57 51 68 85 2 42 94 62 86 90 29 22 32 62 61 15
9999 92 1 64 35 92 24 9999 55 66 59 29 38 67 87 39 23 17 88 23 5 7 79 84 8 19 100 10 28 20 70 18 100 42 1 4 89 5 1 61 79 32 11 10 53 58 92 3 88 20 87 49 96 52 35 53 21 4 1 24 97 60 11 93 83 46 18 56 69 17 99 75 83 69 100 19 72 77 68 46 62 60 57 74 80 64 39 63 100 13 15 48 22 65 61 89 73 53 59 54
9999 18 35 23 89 91 33 55 9999 61 14 66 52 99 94 9 68 47 47 72 62 32 31 70 8 81 74 56 80 32 50 74 30 75 72 29 25 82 18 71 17 18 33 74 17 23 85 61 98 60 81 65 85 47 30 54 23 66 76 93 20 21 22 40 58 28 35 5 71 40 85 51 62 60 99 94 73 25 33 12 84 92 68 74 26 85 6 66 24 85 68 25 83 53 89 44 95 84 52 68
9999 82 44 2 19 49 66 66 61 9999 23 2 30 52 89 65 79 17 70 73 38 85 39 20 85 64 35 33 17 29 55 7 29 39 21 80 81 10 100 68 93 18 72 16 86 73 68 86 22 56 25 72 4 91 8 25 53 43 61 49 97 26 47 24 84 85 79 56 24 92 11 13 18 4 96 96 18 19 7 51 31 22 95 18 95 76 39 36 52 26 19 18 87 82 63 99 34 84 47 69
9999 51 92 22 100 86 97 59 14 23 9999 76 50 77 66 18 66 37 44 21 48 7 43 23 15 66 62 75 18 19 46 71 63 23 15 50 34 50 59 50 10 18 98 89 79 43 6 66 7 53 53 11 2 10 98 58 63 40 64 62 87 80 58 48 99 16 82 49 40 11 75 73 23 79 58 14 31 45 90 61 56 82 35 47 58 18 54 32 89 58 11 68 91 74 57 49 15 84 94 52
9999 45 78 42 37 86 53 29 66 2 76 9999 8 6 99 52 65 65 21 97 86 37 9 37 68 10 40 11 18 91 62 49 17 70 1 5 56 96 77 69 40 72 79 32 16 93 1 69 35 56 78 63 68 94 43 2 52 30 80 44 62 76 90 59 31 91 7 82 68 14 18 22 48 1 93 85 33 63 94 25 95 75 87 64 93 15 76 96 32 13 74 34 26 19 38 96 2 40 25 23
9999 13 72 97 27 44 54 38 52 30 50 8 9999 41 49 26 27 51 70 68 81 92 99 26 65 55 41 38 74 7 57 40 36 48 78 57 10 10 72 38 28 71 83 74 26 40 60 40 87 96 8 22 26 63 21 39 53 19 81 62 57 72 89 15 38 82 59 29 38 70 18 10 57 55 48 59 28 5 50 61 6 76 36 50 85 98 83 8 50 83 20 57 2 66 66 18 44 27 77 12
9999 74 65 98 29 45 93 67 99 52 77 6 41 9999 29 56 47 53 32 44 86 21 88 5 15 78 85 22 58 10 66 11 63 1 4 7 39 83 78 90 47 89 40 60 61 25 32 85 90 76 33 98 63 44 9 4 42 35 37 6 39 82 65 23 29 73 90 1 84 75 59 78 26 30 2 47 84 48 59 9 67 57 75 63 91 65 17 85 94 53 15 85 48 7 91 30 85 67 41 79
9999 70 68 73 16 80 58 87 94 89 66 99 49 29 9999 69 61 3 70 55 87 54 31 10 85 23 46 46 38 36 16 99 96 36 49 46 36 32 8 56 95 37 96 58 26 69 96 44 45 81 71 87 48 36 47 36 59 61 79 34 89 25 30 52 92 63 22 92 18 28 73 39 92 75 16 68 61 48 59 35 77 57 13 88 35 13 97 21 37 59 14 98 67 89 58 80 53 24 49 70
9999 58 78 95 95 59 37 39 9 65 18 52 26 56 69 9999 81 58 80 55 19 7 86 2 4 66 51 46 1 13 46 4 81 56 21 40 74 73 5 85 61 63 83 76 87 65 95 67 11 92 68 81 70 46 14 87 81 11 13 81 52 50 71 52 50 53 35 42 25 95 52 7 61 8 37 36 28 61 15 44 3 74 21 66 24 65 46 85 92 9 54 67 92 38 49 43 90 30 43 18
9999 39 33 71 77 21 11 23 68 79 66 65 27 47 61 81 9999 86 42 35 80 5 14 9 78 82 76 98 20 65 32 36 73 78 98 23 88 34 45 70 43 96 89 45 100 7 15 29 56 29 19 49 54 46 6 29 28 52 47 17 13 100 39 30 48 54 83 29 7 54 8 57 18 54 5 78 44 52 11 40 40 77 5 97 22 79 44 42 95 98 75 67 90 21 94 51 50 26 87 36
9999 42 76 14 6 87 58 17 47 17 37 65 51 53 3 58 86 9999 80 75 49 95 82 14 35 63 62 11 55 38 90 9 68 23 8 27 21 30 100 14 68 92 61 25 11 50 9 37 36 60 22 50 89 36 57 44 49 86 35 56 59 6 63 11 5 62 7 55 27 52 74 42 14 85 39 43 23 87 69 87 27 60 36 69 98 18 80 10 97 20 84 61 99 9 70 72 43 31 94 27
9999 8 97 33 46 34 79 88 47 70 44 21 70 32 70 80 42 80 9999 9 92 55 97 55 63 63 33 71 40 82 2 85 87 49 94 48 97 28 24 15 61 24 26 23 67 54 11 100 54 37 90 97 81 19 55 77 71 64 51 41 35 36 92 19 33 54 42 99 1 35 27 62 43 78 3 1 89 80 28 5 97 90 60 49 87 56 41 90 76 81 49 20 81 38 4 49 4 73 88 25
9999 43 15 41 66 60 82 23 72 73 21 97 68 44 55 55 35 75 9 9999 40 46 30 68 44 93 10 20 28 81 5 100 100 80 57 24 83 92 58 98 91 1 93 5 86 98 59 49 34 97 99 52 6 73 85 28 5 14 95 34 90 54 73 58 2 6 39 5 41 87 17 54 91 9 53 61 73 88 34 98 71 22 66 21 49 66 8 2 89 93 77 93 22 70 95 81 3 30 49 21
9999 76 90 5 8 2 56 5 62 38 48 86 81 86 87 19 80 49 92 40 9999 57 51 76 68 90 3 61 31 22 64 26 46 22 56 64 91 86 27 11 95 51 45 56 12 72 15 66 70 43 28 59 57 43 78 81 69 71 37 54 50 47 44 96 11 30 69 71 30 63 81 37 45 43 86 69 22 80 71 89 56 2 52 47 67 32 100 8 6 69 52 1 98 52 41 46 60 15 38 84
9999 22 59 28 98 54 66 7 32 85 7 37 92 21 54 7 5 95 55 46 57 9999 56 66 87 4 13 100 45 92 68 74 78 76 97 59 85 83 68 88 81 58 13 73 9 71 18 23 51 27 59 55 33 69 93 10 1 7 33 56 91 89 15 69 13 24 90 12 74 34 94 52 2 79 97 83 71 78 63 85 84 50 22 52 41 14 33 74 14 34 75 7 98 34 5 90 15 2 86 74
9999 53 21 1 15 15 25 79 31 39 43 9 99 88 31 86 14 82 97 30 51 56 9999 7 91 22 74 59 67 87 12 96 71 55 55 36 43 72 97 53 95 87 92 84 12 10 70 41 39 33 45 49 77 13 2 14 43 9 60 1 16 53 41 48 6 89 70 8 86 45 86 88 1 30 17 69 92 43 5 99 84 3 96 7 25 16 95 94 22 36 9 7 98 6 24 56 65 73 53 33
9999 55 43 95 23 38 76 84 70 20 23 37 26 5 10 2 9 14 55 68 76 66 7 9999 52 78 60 18 28 94 16 39 83 44 79 40 75 85 66 71 14 23 1 95 55 20 67 28 64 19 7 33 67 28 90 72 37 58 100 1 37 33 5 92 19 45 64 86 20 7 9 19 25 22 12 18 39 93 14 5 36 57 78 73 24 64 30 19 67 72 42 7 9 18 88 41 62 98 29 22
9999 95 10 33 83 80 34 8 8 85 15 68 65 15 85 4 78 35 63 44 68 87 91 52 9999 11 18 6 96 70 82 72 18 57 27 57 70 14 17 26 24 30 69 43 59 99 34 55 59 100 81 17 53 7 17 23 63 59 34 42 39 87 2 82 5 57 28 97 90 5 41 86 31 69 39 97 80 46 19 58 99 25 19 58 46 78 93 85 66 57 100 34 89 70 1 34 51 91 62 60
9999 45 94 71 15 98 12 19 81 64 66 10 55 78 23 66 82 63 63 93 90 4 22 78 11 9999 98 21 30 42 51 85 83 84 64 34 32 39 77 51 66 11 2 81 8 54 71 60 11 51 4 80 39 28 52 34 21 99 80 77 50 96 13 91 5 98 12 2 13 95 29 32 9 7 89 36 25 9 11 87 5 66 43 65 61 52 96 22 37 81 39 8 60 69 44 11 38 38 92 40
9999 51 90 2 43 26 3 100 74 35 62 40 41 85 46 51 76 62 33 10 3 13 74 60 18 98 9999 22 1 34 83 28 57 100 94 5 18 31 17 60 64 41 9 41 96 51 6 18 19 3 96 34 96 73 34 100 84 11 62 99 97 95 86 11 9 53 30 47 73 9 32 2 60 79 89 22 54 24 18 35 69 32 18 75 68 61 69 73 56 47 63 99 92 93 30 16 97 36 38 70
9999 35 59 65 78 2 86 10 56 33 75 11 38 22 46 46 98 11 71 20 61 100 59 18 6 21 22 9999 57 28 33 16 65 97 4 54 62 46 66 24 34 27 67 78 91 77 38 13 61 48 5 31 36 60 7 95 38 92 15 56 25 20 100 25 52 39 66 38 84 53 99 98 82 98 25 38 9 5 77 90 50 57 57 67 43 89 60 33 14 39 6 33 98 54 71 98 15 12 65 98
9999 2 85 47 79 81 66 28 80 17 18 18 74 58 38 1 20 55 40 28 31 45 67 28 96 30 1 57 9999 67 14 69 54 100 25 48 19 59 77 36 2 90 33 38 93 43 59 46 78 65 13 49 52 86 19 98 72 97 79 40 71 61 73 71 30 77 24 80 73 47 46 75 41 88 70 17 33 20 85 84 64 88 19 51 66 90 43 96 35 89 62 69 12 42 25 84 30 38 61 23
9999 73 62 70 47 76 22 20 32 29 19 91 7 10 36 13 65 38 82 81 22 92 87 94 70 42 34 28 67 9999 31 10 91 64 69 8 89 34 55 32 92 32 12 95 42 44 83 53 20 25 42 23 58 50 26 76 72 90 11 5 42 14 26 84 9 36 94 23 6 7 42 22 18 57 69 5 32 4 87 26 96 43 22 89 73 7 1 24 26 95 71 68 79 68 98 21 72 47 24 63
9999 68 32 32 52 28 12 70 50 55 46 62 57 66 16 46 32 90 2 5 64 68 12 16 82 51 83 33 14 31 9999 6 16 58 49 49 73 57 78 44 3 21 66 81 29 74 67 25 25 53 11 94 18 30 42 19 32 72 86 63 57 58 41 77 27 40 33 16 17 65 38 70 3 98 90 6 33 100 49 20 15 62 89 17 15 28 75 50 74 51 62 100 69 12 19 34 73 96 16 81
9999 94 92 84 17 26 68 18 74 7 71 49 40 11 99 4 36 9 85 100 26 74 96 39 72 85 28 16 69 10 6 9999 43 38 70 65 89 57 28 4 23 52 58 74 11 77 48 87 85 41 27 64 50 50 79 83 1 89 84 23 84 4 56 67 96 90 9 71 10 98 82 53 12 18 62 79 21 49 77 86 32 25 78 100 95 10 8 98 59 22 37 55 14 49 63 16 22 35 98 69
9999 22 67 1 71 70 22 100 30 29 63 17 36 63 96 81 73 68 87 100 46 78 71 83 18 83 57 65 54 91 16 43 9999 45 12 93 36 73 7 47 25 17 8 24 21 51 82 21 34 65 59 20 3 42 75 39 60 20 16 24 18 40 84 67 50 62 98 51 6 9 95 46 20 11 1 10 4 35 15 16 56 82 78 49 19 76 43 46 98 50 81 72 6 20 63 9 18 98 29 61
9999 13 60 60 10 37 17 42 75 39 23 70 48 1 36 56 78 23 49 80 22 76 55 44 57 84 100 97 100 64 58 38 45 9999 97 67 87 79 29 62 95 46 52 10 16 52 80 34 59 72 37 14 88 67 52 65 53 76 55 31 19 28 22 82 51 78 13 3 20 7 89 68 49 86 68 2 94 31 31 86 56 98 78 100 64 37 60 49 23 56 95 22 30 52 6 79 90 33 80 68
9999 58 27 42 46 52 28 1 72 21 15 1 78 4 49 21 98 8 94 57 56 97 55 79 27 64 94 4 25 69 49 70 12 97 9999 86 73 80 25 50 63 40 51 23 3 39 66 96 16 38 90 48 21 95 84 38 23 5 53 1 97 29 81 62 31 59 10 61 62 43 51 38 83 100 85 35 1 65 96 31 27 12 34 41 60 59 77 14 10 79 70 80 6 67 54 88 83 96 97 61
9999 73 60 88 85 2 89 4 29 80 50 5 57 7 46 40 23 27 48 24 64 59 36 40 57 34 5 54 48 8 49 65 93 67 86 9999 66 96 61 97 88 63 20 54 30 77 20 86 13 71 97 51 58 38 45 19 18 99 31 80 81 5 3 67 23 58 54 84 62 38 73 6 81 86 37 82 51 57 77 13 30 71 41 69 88 92 94 36 26 7 40 95 95 68 65 36 5 18 24 35
9999 95 81 92 65 34 12 89 25 81 34 56 10 39 36 74 88 21 97 83 91 85 43 75 70 32 18 62 19 89 73 89 36 87 73 66 9999 27 85 97 6 27 75 75 20 16 71 4 63 14 45 28 66 3 68 21 30 43 81 97 2 32 75 30 89 52 96 27 73 26 84 14 20 93 98 31 13 60 96 88 76 34 7 66 32 82 35 95 43 63 34 60 27 68 29 72 14 86 7 59
9999 3 53 96 47 91 35 5 82 10 50 96 10 83 32 73 34 30 28 92 86 83 72 85 14 39 31 46 59 34 57 57 73 79 80 96 27 9999 48 67 37 23 23 80 82 58 69 47 6 57 34 73 78 46 25 46 37 17 54 10 10 61 97 42 86 2 9 91 78 79 81 42 25 96 87 16 27 75 25 19 37 13 39 72 18 78 22 79 18 88 53 40 58 95 13 55 29 46 67 76
9999 29 87 3 62 40 37 1 18 100 59 77 72 78 8 5 45 100 24 58 27 68 97 66 17 77 17 66 77 55 78 28 7 29 25 61 85 48 9999 23 12 40 66 94 59 50 58 8 19 36 24 5 49 6 28 35 15 41 15 81 80 88 86 91 52 87 52 6 44 6 20 54 96 96 56 66 39 63 5 78 10 10 6 82 74 58 57 90 57 44 91 82 99 25 89 88 44 64 39 79
9999 92 87 25 76 46 8 61 71 68 50 69 38 90 56 85 70 14 15 98 11 88 53 71 26 51 60 24 36 32 44 4 47 62 50 97 97 67 23 9999 22 97 63 38 79 36 69 44 49 58 24 7 99 38 100 75 10 21 35 92 51 26 40 13 95 45 50 10 17 51 19 92 29 83 93 73 20 36 4 74 70 63 29 6 86 18 8 88 79 32 31 81 28 70 47 83 15 67 86 48
9999 78 84 66 90 98 87 79 17 93 10 40 28 47 95 61 43 68 61 91 95 81 95 14 24 66 64 34 2 92 3 23 25 95 63 88 6 37 12 22 9999 82 67 96 15 2 23 66 54 24 72 15 5 56 10 4 94 4 60 42 33 44 19 56 3 77 26 71 47 95 74 1 70 13 37 33 87 52 33 48 53 85 57 73 79 42 70 20 78 84 36 63 61 55 7 74 15 88 16 45
9999 16 85 92 90 56 62 32 18 18 18 72 71 89 37 63 96 92 24 1 51 58 87 23 30 11 41 27 90 32 21 52 17 46 40 63 27 23 40 97 82 9999 59 46 30 19 15 45 95 52 53 64 57 66 21 70 83 4 100 13 76 46 10 10 75 7 64 31 53 91 43 9 96 71 76 89 47 20 26 48 47 39 59 78 41 48 94 5 63 40 48 35 68 11 29 70 40 49 69 37
9999 78 19 51 23 73 63 11 33 72 98 79 83 40 96 83 89 61 26 93 45 13 92 1 69 2 9 67 33 12 66 58 8 52 51 20 75 23 66 63 67 59 9999 24 30 25 23 27 76 73 37 61 41 54 31 9 90 97 25 5 16 43 24 79 17 80 56 45 57 98 95 2 20 4 12 42 54 85 32 13 32 70 94 100 98 20 18 34 7 74 29 5 22 68 46 22 66 40 85 19
9999 67 30 79 50 21 51 10 74 16 89 32 74 60 58 76 45 25 23 5 56 73 84 95 43 81 41 78 38 95 81 74 24 10 23 54 75 80 94 38 96 46 24 9999 2 98 18 25 8 97 22 29 47 7 18 88 34 49 46 18 44 83 59 63 92 88 69 3 65 34 80 5 38 67 43 63 94 42 63 21 38 26 5 100 81 61 45 97 39 44 25 27 6 56 16 46 51 11 9 57
9999 15 47 21 96 88 50 53 17 86 79 16 26 61 26 87 100 11 67 86 12 9 12 55 59 8 96 91 93 42 29 11 21 16 3 30 20 82 59 79 15 30 30 2 9999 70 7 36 21 2 59 3 88 85 93 35 58 10 71 83 6 30 100 1 2 70 54 51 84 76 59 30 84 44 72 16 57 98 3 11 39 29 55 53 5 59 66 93 77 47 23 43 99 14 5 27 3 37 53 46
9999 82 12 93 91 26 90 58 23 73 43 93 40 25 69 65 7 50 54 98 72 71 10 20 99 54 51 77 43 44 74 77 51 52 39 77 16 58 50 36 2 19 25 98 70 9999 21 46 44 62 41 67 55 71 33 42 7 18 85 75 21 2 87 98 78 44 25 75 89 47 28 4 64 1 44 64 51 14 88 3 58 56 65 67 51 34 53 82 15 68 12 75 12 9 4 72 24 35 18 7
9999 3 60 83 55 44 79 92 85 68 6 1 60 32 96 95 15 9 11 59 15 18 70 67 34 71 6 38 59 83 67 48 82 80 66 20 71 69 58 69 23 15 23 18 7 21 9999 67 79 4 77 29 27 2 92 61 5 45 81 69 4 52 84 67 41 26 51 13 23 20 98 66 43 82 78 46 88 99 96 33 75 45 5 89 87 19 60 63 93 34 77 14 28 10 100 44 74 19 88 56
9999 95 83 100 16 40 34 3 61 86 66 69 40 85 44 67 29 37 100 49 66 23 41 28 55 60 18 13 46 53 25 87 21 34 96 86 4 47 8 44 66 45 27 25 36 46 67 9999 42 28 60 89 91 31 16 7 11 9 40 31 66 23 97 96 42 39 5 34 86 93 31 35 17 53 20 69 100 91 6 81 2 73 48 54 13 37 17 21 39 44 28 62 66 40 5 13 96 30 4 6
9999 95 91 94 13 91 25 88 98 22 7 35 87 90 45 11 56 36 54 34 70 51 39 64 59 11 19 61 78 20 25 85 34 59 16 13 63 6 19 49 54 95 76 8 21 44 79 42 9999 71 48 27 34 66 82 62 34 88 53 91 21 95 31 65 10 73 60 43 100 91 89 16 59 20 67 26 29 21 4 91 56 27 48 55 85 75 10 17 46 58 76 33 25 94 65 85 54 88 60 39
9999 40 41 70 23 49 45 20 60 56 53 56 96 76 81 92 29 60 37 97 43 27 33 19 100 51 3 48 65 25 53 41 65 72 38 71 14 57 36 58 24 52 73 97 2 62 4 28 71 9999 86 2 42 42 46 69 23 40 84 62 62 52 100 53 5 4 53 67 6 55 93 38 92 46 57 47 23 98 66 10 11 95 70 12 24 97 3 62 51 95 92 76 98 10 69 88 25 32 2 54
9999 96 53 95 35 46 34 87 81 25 53 78 8 33 71 68 19 22 90 99 28 59 45 7 81 4 96 5 13 42 11 27 59 37 90 97 45 34 24 24 72 53 37 22 59 41 77 60 48 86 9999 6 18 20 3 36 92 18 48 3 77 74 36 80 95 21 51 2 84 56 21 21 24 13 58 48 92 95 12 67 85 3 74 65 99 6 75 64 3 82 42 51 2 74 16 47 9 69 16 26
9999 85 24 15 91 40 68 49 65 72 11 63 22 98 87 81 49 50 97 52 59 55 49 33 17 80 34 31 49 23 94 64 20 14 48 51 28 73 5 7 15 64 61 29 3 67 29 89 27 2 6 9999 91 85 26 25 43 4 26 40 18 75 94 57 20 94 71 30 21 87 31 32 16 95 28 19 43 42 31 40 99 47 1 17 45 62 52 36 63 11 22 21 93 11 37 58 93 58 14 21
9999 28 8 9 28 81 24 96 85 4 2 68 26 63 48 70 54 89 81 6 57 33 77 67 53 39 96 36 52 58 18 50 3 88 21 58 66 78 49 99 5 57 41 47 88 55 27 91 34 42 18 91 9999 14 8 26 45 97 39 49 83 18 40 91 100 95 99 11 55 22 1 84 19 77 42 22 60 86 57 46 73 38 93 8 4 27 36 10 21 61 14 44 5 65 80 5 53 51 41 100
9999 47 38 57 34 1 13 52 47 91 10 94 63 44 36 46 46 36 19 73 43 69 13 28 7 28 73 60 86 50 30 50 42 67 95 38 3 46 6 38 56 66 54 7 85 71 2 31 66 42 20 85 14 9999 47 98 4 26 48 95 61 58 41 23 31 41 73 96 72 95 51 74 61 32 87 96 79 40 71 72 86 76 3 61 42 42 79 68 44 90 8 69 77 37 59 61 79 52 73 74
9999 97 55 30 93 92 4 35 30 8 98 43 21 9 47 14 6 57 55 85 78 93 2 90 17 52 34 7 19 26 42 79 75 52 84 45 68 25 28 100 10 21 31 18 93 33 92 16 82 46 3 26 8 47 9999 73 93 93 17 94 17 18 66 40 24 17 23 70 13 54 37 85 26 64 95 67 96 95 55 38 35 76 80 55 39 14 51 41 83 60 7 91 3 4 82 42 17 30 9 39
9999 81 69 35 94 14 19 53 54 25 58 2 39 4 36 87 29 44 77 28 81 10 14 72 23 34 100 95 98 76 19 83 39 65 38 19 21 46 35 75 4 70 9 88 35 42 61 7 62 69 36 25 26 98 73 9999 61 72 87 9 78 35 79 33 45 81 66 31 4 91 54 95 92 63 21 66 81 84 6 4 32 65 28 82 78 68 25 85 20 92 34 86 27 51 46 35 60 68 6 72
9999 84 28 81 50 60 95 21 23 53 63 52 53 42 59 81 28 49 71 5 69 1 43 37 63 21 84 38 72 72 32 1 60 53 23 18 30 37 15 10 94 83 90 34 58 7 5 11 34 23 92 43 45 4 93 61 9999 17 22 93 25 43 68 32 43 13 79 56 62 3 90 96 4 72 65 51 10 43 91 92 34 66 42 99 35 12 79 32 16 83 62 94 27 94 7 77 50 96 49 45
9999 56 49 6 90 66 8 4 66 43 40 30 19 35 61 11 52 86 64 14 71 7 9 58 59 99 11 92 97 90 72 89 20 76 5 99 43 17 41 21 4 4 97 49 10 18 45 9 88 40 18 4 97 26 93 72 17 9999 58 6 41 18 99 90 72 23 66 61 51 9 99 77 91 52 44 62 87 48 48 7 37 79 62 40 77 18 78 35 23 59 44 15 62 30 9 38 36 46 19 61
9999 75 32 90 9 26 9 1 76 61 64 80 81 37 79 13 47 35 51 95 37 33 60 100 34 80 62 15 79 11 86 84 16 55 53 31 81 54 15 35 60 100 25 46 71 85 81 40 53 84 48 26 39 48 17 87 22 58 9999 82 38 90 32 1 50 21 84 60 54 20 56 74 10 50 78 38 33 72 77 90 32 51 38 3 58 65 43 62 66 38 65 68 35 55 44 52 82 32 3 80
9999 91 84 30 89 26 7 24 93 49 62 44 62 6 34 81 17 56 41 34 54 56 1 1 42 77 99 56 40 5 63 23 24 31 1 80 97 10 81 92 42 13 5 18 83 75 69 31 91 62 3 40 49 95 94 9 93 6 82 9999 64 46 83 11 48 18 29 53 43 2 41 64 75 42 56 34 61 16 13 61 53 38 61 46 1 37 25 48 12 37 72 21 43 77 13 34 65 47 30 42
9999 14 60 45 17 13 66 97 20 97 87 62 57 39 89 52 13 59 35 90 50 91 16 37 39 50 97 25 71 42 57 84 18 19 97 81 2 10 80 51 33 76 16 44 6 21 4 66 21 62 77 18 83 61 17 78 25 41 38 64 9999 45 90 92 12 37 14 39 49 24 62 93 1 71 71 86 50 9 29 24 80 35 13 67 87 81 76 61 67 56 44 11 68 38 25 13 74 17 59 61
9999 85 66 92 69 48 51 60 21 26 80 76 72 82 25 50 100 6 36 54 47 89 53 33 87 96 95 20 61 14 58 4 40 28 29 5 32 61 88 26 44 46 43 83 30 2 52 23 95 52 74 75 18 58 18 35 43 18 90 46 45 9999 3 32 92 79 47 65 8 80 80 53 16 52 48 15 29 40 91 43 27 15 92 75 14 82 10 41 62 3 59 94 90 14 55 100 37 40 72 6
9999 76 43 86 10 56 4 11 22 47 58 90 89 65 30 71 39 63 92 73 44 15 41 5 2 13 86 100 73 26 41 56 84 22 81 3 75 97 86 40 19 10 24 59 100 87 84 97 31 100 36 94 40 41 66 79 68 99 32 83 90 3 9999 28 76 37 64 22 19 76 75 50 23 49 22 42 35 53 4 95 22 73 67 3 50 89 33 2 69 72 57 10 57 89 4 18 67 67 66 91
9999 67 11 40 60 97 59 93 40 24 48 59 15 23 52 52 30 11 19 58 96 69 48 92 82 91 11 25 71 84 77 67 67 82 62 67 30 42 91 13 56 10 79 63 1 98 67 96 65 53 80 57 91 23 40 33 32 90 1 11 92 32 28 9999 35 72 59 38 54 23 63 53 91 53 12 98 14 87 25 42 52 62 71 35 11 9 71 65 27 48 24 57 76 73 29 28 51 2 4 44
9999 97 73 92 7 4 29 83 58 84 99 31 38 29 92 50 48 5 33 2 11 13 6 19 5 5 9 52 30 9 27 96 50 51 31 23 89 86 52 95 3 75 17 92 2 78 41 42 10 5 95 20 100 31 24 45 43 72 50 48 12 92 76 35 9999 21 68 97 41 80 85 91 58 44 63 3 90 72 63 67 42 28 84 67 24 76 1 26 20 2 42 54 92 1 51 39 75 91 63 42
9999 68 49 88 54 41 8 46 28 85 16 91 82 73 63 53 54 62 54 6 30 24 89 45 57 98 53 39 77 36 40 90 62 78 59 58 52 2 87 45 77 7 80 88 70 44 26 39 73 4 21 94 95 41 17 81 13 23 21 18 37 79 37 72 21 9999 95 44 75 72 73 72 40 10 22 71 2 54 21 80 85 15 74 39 16 51 15 49 68 85 35 78 42 20 32 13 27 31 35 55
9999 14 8 90 99 7 97 18 35 79 82 7 59 90 22 35 83 7 42 39 69 90 70 64 28 12 30 66 24 94 33 9 98 13 10 54 96 9 52 50 26 64 56 69 54 25 51 5 60 53 51 71 99 73 23 66 79 66 84 29 14 47 64 59 68 95 9999 78 36 53 20 13 66 98 5 82 13 36 33 61 39 44 8 15 43 14 83 85 58 12 38 60 94 84 22 20 12 37 89 88
9999 93 93 63 40 65 25 56 5 56 49 82 29 1 92 42 29 55 99 5 71 12 8 86 97 2 47 38 80 23 16 71 51 3 61 84 27 91 6 10 71 31 45 3 51 75 13 34 43 67 2 30 11 96 70 31 56 61 60 53 39 65 22 38 97 44 78 9999 87 58 16 28 71 9 8 5 2 36 12 55 48 52 40 14 70 87 30 84 87 93 87 30 13 43 98 20 30 96 78 23
9999 37 31 16 88 42 91 69 71 24 40 68 38 84 18 25 7 27 1 41 30 74 86 20 90 13 73 84 73 6 17 10 6 20 62 62 73 78 44 17 47 53 57 65 84 89 23 86 100 6 84 21 55 72 13 4 62 51 54 43 49 8 19 54 41 75 36 87 9999 6 61 76 55 10 60 51 24 36 58 38 37 62 83 84 24 60 4 81 93 90 94 71 10 27 35 76 8 52 15 52
9999 44 76 60 72 99 69 17 40 92 11 14 70 75 28 95 54 52 35 87 63 34 45 7 5 95 9 53 47 7 65 98 9 7 43 38 26 79 6 51 95 91 98 34 76 47 20 93 91 55 56 87 22 95 54 91 3 9 20 2 24 80 76 23 80 72 53 58 6 9999 69 10 69 93 15 93 71 52 20 89 98 61 82 37 20 14 2 97 82 84 31 79 3 55 47 100 68 54 46 7
9999 87 64 12 12 41 14 99 85 11 75 18 18 59 73 52 8 74 27 17 81 94 86 9 41 29 32 99 46 42 38 82 95 89 51 73 84 81 20 19 74 43 95 80 59 28 98 31 89 93 21 31 1 51 37 54 90 99 56 41 62 80 75 63 85 73 20 16 61 69 9999 4 28 83 26 17 52 27 71 23 56 40 80 12 86 21 28 72 94 94 24 20 4 54 86 77 64 75 72 73
9999 16 24 28 87 2 25 75 51 13 73 22 10 78 39 7 57 42 62 54 37 52 88 19 86 32 2 98 75 22 70 53 46 68 38 6 14 42 54 92 1 9 2 5 30 4 66 35 16 38 21 32 84 74 85 95 96 77 74 64 93 53 50 53 91 72 13 28 76 10 4 9999 4 96 13 56 41 75 88 52 25 30 34 30 33 96 77 85 26 59 4 80 79 82 10 42 44 80 23 6
9999 99 91 56 67 46 32 83 62 18 23 48 57 26 92 61 18 14 43 91 45 2 1 25 31 9 60 82 41 18 3 12 20 49 83 81 20 25 96 29 70 96 20 38 84 64 43 17 59 92 24 16 19 61 26 92 4 91 10 75 1 16 23 91 58 40 66 71 55 69 28 4 9999 45 72 76 37 16 28 26 44 78 41 86 25 29 39 38 27 47 92 12 62 90 80 22 75 73 87 28
9999 37 71 47 50 25 29 69 60 4 79 1 55 30 75 8 54 85 78 9 43 79 30 22 69 7 79 98 88 57 98 18 11 86 100 86 93 96 96 83 13 71 4 67 44 1 82 53 20 46 13 95 77 32 64 63 72 52 50 42 71 52 49 53 44 10 98 9 10 93 83 96 45 9999 56 52 29 89 24 8 41 9 58 71 85 1 81 18 12 15 76 72 25 16 54 88 84 68 85 49
9999 11 83 46 19 80 82 100 99 96 58 93 48 2 16 37 5 39 3 53 86 97 17 12 39 89 89 25 70 69 90 62 1 68 85 37 98 87 56 93 37 76 12 43 72 44 78 20 67 57 58 28 42 87 95 21 65 44 78 56 71 48 22 12 63 22 5 8 60 15 26 13 72 56 9999 19 71 36 72 78 97 65 39 53 12 13 94 19 70 47 71 57 9 29 76 80 21 70 17 68
9999 32 54 92 60 19 98 19 94 96 14 85 59 47 68 36 78 43 1 61 69 83 69 18 97 36 22 38 17 5 6 79 10 2 35 82 31 16 66 73 33 89 42 63 16 64 46 69 26 47 48 19 22 96 67 66 51 62 38 34 86 15 42 98 3 71 82 5 51 93 17 56 76 52 19 9999 62 18 52 10 37 54 51 59 59 100 98 36 19 79 88 37 98 36 4 10 97 89 55 78
9999 31 5 14 14 24 30 72 73 18 31 33 28 84 61 28 44 23 89 73 22 71 92 39 80 25 54 9 33 32 33 21 4 94 1 51 13 27 39 20 87 47 54 94 57 51 88 100 29 23 92 43 60 79 96 81 10 87 33 61 50 29 35 14 90 2 13 2 24 71 52 41 37 29 71 62 9999 53 40 35 76 13 66 31 82 13 66 33 10 4 37 47 63 26 34 10 14 88 22 20
9999 28 33 39 78 46 45 77 25 19 45 63 5 48 48 61 52 87 80 88 80 78 43 93 46 9 24 5 20 4 100 49 35 31 65 57 60 75 63 36 52 20 85 42 98 14 99 91 21 98 95 42 86 40 95 84 43 48 72 16 9 40 53 87 72 54 36 36 36 52 27 75 16 89 36 18 53 9999 66 25 21 84 88 51 3 72 93 98 4 38 81 73 86 25 5 95 66 41 42 88
9999 91 15 45 64 45 35 68 33 7 90 94 50 59 59 15 11 69 28 34 71 63 5 14 19 11 18 77 85 87 49 77 15 31 96 77 96 25 5 4 33 26 32 63 3 88 96 6 4 66 12 31 57 71 55 6 91 48 77 13 29 91 4 25 63 21 33 12 58 20 71 88 28 24 72 52 40 66 9999 22 80 89 84 62 86 62 53 35 20 22 99 42 14 32 74 99 1 25 1 46
9999 22 77 20 62 100 18 46 12 51 61 25 61 9 35 44 40 87 5 98 89 85 99 5 58 87 35 90 84 26 20 86 16 86 31 13 88 19 78 74 48 48 13 21 11 3 33 81 91 10 67 40 46 72 38 4 92 7 90 61 24 43 95 42 67 80 61 55 38 89 23 52 26 8 78 10 35 25 22 9999 78 40 41 58 81 18 28 24 80 49 17 76 62 92 69 43 47 60 37 63
9999 34 15 55 31 53 34 62 84 31 56 95 6 67 77 3 40 27 97 71 56 84 84 36 99 5 69 50 64 96 15 32 56 56 27 30 76 37 10 70 53 47 32 38 39 58 75 2 56 11 85 99 73 86 35 32 34 37 32 53 80 27 22 52 42 85 39 48 37 98 56 25 44 41 97 37 76 21 80 78 9999 93 54 5 48 100 75 45 57 5 57 25 7 42 88 57 28 72 53 55
9999 70 88 18 98 41 53 60 92 22 82 75 76 57 57 74 77 60 90 22 2 50 3 57 25 66 32 57 88 43 62 25 82 98 12 71 34 13 10 63 85 39 70 26 29 56 45 73 27 95 3 47 38 76 76 65 66 79 51 38 35 15 73 62 28 15 44 52 62 61 40 30 78 9 65 54 13 84 89 40 93 9999 81 2 58 31 39 53 71 11 64 82 21 11 72 67 13 46 85 18
9999 69 19 64 39 82 54 57 68 95 35 87 36 75 13 21 5 36 60 66 52 22 96 78 19 43 18 57 19 22 89 78 78 78 34 41 7 39 6 29 57 59 94 5 55 65 5 48 48 70 74 1 93 3 80 28 42 62 38 61 13 92 67 71 84 74 8 40 83 82 80 34 41 58 39 51 66 88 84 41 54 81 9999 94 83 7 14 83 73 65 91 94 13 81 75 32 6 64 56 3
9999 9 84 92 47 69 33 74 74 18 47 64 50 63 88 66 97 69 49 21 47 52 7 73 58 65 75 67 51 89 17 100 49 100 41 69 66 72 82 6 73 78 100 100 53 67 89 54 55 12 65 17 8 61 55 82 99 40 3 46 67 75 3 35 67 39 15 14 84 37 12 30 86 71 53 59 31 51 62 58 5 2 94 9999 79 94 21 18 35 56 97 89 35 82 63 18 86 5 46 66
9999 87 12 24 49 99 57 80 26 95 58 93 85 91 35 24 22 98 87 49 67 41 25 24 46 61 68 43 66 73 15 95 19 64 60 88 32 18 74 86 79 41 98 81 5 51 87 13 85 24 99 45 4 42 39 78 35 77 58 1 87 14 50 11 24 16 43 70 24 20 86 33 25 85 12 59 82 3 86 81 48 58 83 79 9999 17 63 26 89 95 4 4 68 10 89 53 14 14 33 46
9999 10 37 5 44 42 51 64 85 76 18 15 98 65 13 65 79 18 56 66 32 14 16 64 78 52 61 89 90 7 28 10 76 37 59 92 82 78 58 18 42 48 20 61 59 34 19 37 75 97 6 62 27 42 14 68 12 18 65 37 81 82 89 9 76 51 14 87 60 14 21 96 29 1 13 100 13 72 62 18 100 31 7 94 17 9999 5 30 62 95 11 32 100 27 5 37 47 62 76 83
9999 67 54 56 88 75 68 39 6 39 54 76 83 17 97 46 44 80 41 8 100 33 95 30 93 96 69 60 43 1 75 8 43 60 77 94 35 22 57 8 70 94 18 45 66 53 60 17 10 3 75 52 36 79 51 25 79 78 43 25 76 10 33 71 1 15 83 30 4 2 28 77 39 81 94 98 66 93 53 28 75 39 14 21 63 5 9999 40 38 76 11 15 38 11 66 48 75 48 31 29
9999 20 4 88 14 41 85 63 66 36 32 96 8 85 21 85 42 10 90 2 8 74 94 19 85 22 73 33 96 24 50 98 46 49 14 36 95 79 90 88 20 5 34 97 93 82 63 21 17 62 64 36 10 68 41 85 32 35 62 48 61 41 2 65 26 49 85 84 81 97 72 85 38 18 19 36 33 98 35 24 45 53 83 18 26 30 40 9999 25 92 32 82 79 28 16 54 15 28 26 40
9999 8 61 97 79 1 2 100 24 52 89 32 50 94 37 92 95 97 76 89 6 14 22 67 66 37 56 14 35 26 74 59 98 23 10 26 43 18 57 79 78 63 7 39 77 15 93 39 46 51 3 63 21 44 83 20 16 23 66 12 67 62 69 27 20 68 58 87 93 82 94 26 27 12 70 19 10 4 20 80 57 71 73 35 89 62 38 25 9999 40 27 50 51 75 79 3 11 47 63 18
9999 12 61 73 87 43 42 13 85 26 58 13 83 53 59 9 98 20 81 93 69 34 36 72 57 81 47 39 89 95 51 22 50 56 79 7 63 88 44 32 84 40 74 44 47 68 34 44 58 95 82 11 61 90 60 92 83 59 38 37 56 3 72 48 2 85 12 93 90 84 94 59 47 15 47 79 4 38 22 49 5 11 65 56 95 95 76 92 40 9999 75 29 72 94 34 54 64 69 13 54
9999 15 75 83 36 96 94 15 68 19 11 74 20 15 14 54 75 84 49 77 52 75 9 42 100 39 63 6 62 71 62 37 81 95 70 40 34 53 91 31 36 48 29 25 23 12 77 28 76 92 42 22 14 8 7 34 62 44 65 72 44 59 57 24 42 35 38 87 94 31 24 4 92 76 71 88 37 81 99 17 57 64 91 97 4 11 11 32 27 75 9999 75 98 38 13 68 57 34 42 19
9999 82 9 45 44 24 62 48 25 18 68 34 57 85 98 67 67 61 20 93 1 7 7 7 34 8 99 33 69 68 100 55 72 22 80 95 60 40 82 81 63 35 5 27 43 75 14 62 33 76 51 21 44 69 91 86 94 15 68 21 11 94 10 57 54 78 60 30 71 79 20 80 12 72 57 37 47 73 42 76 25 82 94 89 4 32 15 82 50 29 75 9999 45 27 19 87 53 13 85 82
9999 94 68 32 15 37 86 22 83 87 91 26 2 48 67 92 90 99 81 22 98 98 98 9 89 60 92 98 12 79 69 14 6 30 6 95 27 58 99 28 61 68 22 6 99 12 28 66 25 98 2 93 5 77 3 27 27 62 35 43 68 90 57 76 92 42 94 13 10 3 4 79 62 25 9 98 63 86 14 62 7 21 13 35 68 100 38 79 51 72 98 45 9999 84 51 87 24 67 76 9
9999 38 44 42 99 34 90 65 53 82 74 19 66 7 89 38 21 9 38 70 52 34 6 18 70 69 93 54 42 68 12 49 20 52 67 68 68 95 25 70 55 11 68 56 14 9 10 40 94 10 74 11 65 37 4 51 94 30 55 77 38 14 89 73 1 20 84 43 27 55 54 82 90 16 29 36 26 25 32 92 42 11 81 82 10 27 11 28 75 94 38 27 84 9999 62 59 18 26 10 59
9999 13 9 9 35 17 29 61 89 63 57 38 66 91 58 49 94 70 4 95 41 5 24 88 1 44 30 71 25 98 19 63 63 6 54 65 29 13 89 47 7 29 46 16 5 4 100 5 65 69 16 37 80 59 82 46 7 9 44 13 25 55 4 29 51 32 22 98 35 47 86 10 80 54 76 4 34 5 74 69 88 72 75 63 89 5 66 16 79 34 13 19 51 62 9999 25 11 7 26 96
9999 29 81 100 21 83 22 89 44 99 49 96 18 30 80 43 51 72 49 81 46 90 56 41 34 11 16 98 84 21 34 16 9 79 88 36 72 55 88 83 74 70 22 46 27 72 44 13 85 88 47 58 5 61 42 35 77 38 52 34 13 100 18 28 39 13 20 20 76 100 77 42 22 88 80 10 10 95 99 43 57 67 32 18 53 37 48 54 3 54 68 87 87 59 25 9999 79 68 67 23
9999 96 38 87 6 86 32 73 95 34 15 2 44 85 53 90 50 43 4 3 60 15 65 62 51 38 97 15 30 72 73 22 18 90 83 5 14 29 44 15 15 40 66 51 3 24 74 96 54 25 9 93 53 79 17 60 50 36 82 65 74 37 67 51 75 27 12 30 8 68 64 44 75 84 21 97 14 66 1 47 28 13 6 86 14 47 75 15 11 64 57 53 24 18 11 79 9999 67 4 91
9999 49 35 77 18 63 62 53 84 84 84 40 27 67 24 30 26 31 73 30 15 2 73 98 91 38 36 12 38 47 96 35 98 33 96 18 86 46 64 67 88 49 40 11 37 35 19 30 88 32 69 58 51 52 30 68 96 46 32 47 17 40 67 2 91 31 37 96 52 54 75 80 73 68 70 89 88 41 25 60 72 46 64 5 14 62 48 28 47 69 34 13 67 26 7 68 67 9999 22 42
9999 77 2 46 46 55 61 59 52 47 94 25 77 41 49 43 87 94 88 49 38 86 53 29 62 92 38 65 61 24 16 98 29 80 97 24 7 67 39 86 16 69 85 9 53 18 88 4 60 2 16 14 41 73 9 6 49 19 3 30 59 72 66 4 63 35 89 78 15 46 72 23 87 85 17 55 22 42 1 37 53 85 56 46 33 76 31 26 63 13 42 85 76 10 26 67 4 22 9999 100
9999 52 7 63 83 5 15 54 68 69 52 23 12 79 70 18 36 27 25 21 84 74 33 22 60 40 70 98 23 63 81 69 61 68 61 35 59 76 79 48 45 37 19 57 46 7 56 6 39 54 26 21 100 74 39 72 45 61 80 42 61 6 91 44 42 55 88 23 52 7 73 6 28 49 68 78 20 88 46 63 55 18 3 66 46 83 29 40 18 54 19 82 9 59 96 23 91 42 100 9999
