20
9999 9999 9999 9999 9999 9999 9999 9999 9999 9999 9999 9999 9999 9999 9999 9999 9999 9999 9999 9999
9999 9999 9999 43 9999 9999 9999 9999 9999 9999 9999 45 9999 9999 9999 9999 9999 9999 9999 9999
9999 9999 9999 9999 9999 9999 9999 9999 37 9999 9999 9999 9999 9999 9999 9999 9999 9999 9999 9999
9999 43 9999 9999 9999 9999 9999 9999 9999 9999 9999 9999 9999 9999 9999 9999 9999 9999 9999 41
9999 9999 9999 9999 9999 9999 9999 9999 9999 9999 9999 9999 9999 9999 9999 9999 9999 9999 9999 9999
9999 9999 9999 9999 9999 9999 9999 9999 9999 9999 9999 9999 9999 9999 9999 9999 9999 9999 9999 9999
9999 9999 9999 9999 9999 9999 9999 9999 9999 9999 9999 9999 9999 37 9999 9999 9999 9999 9999 9999
9999 9999 9999 9999 9999 9999 9999 9999 9999 9999 9999 9999 9999 60 9999 9999 9999 9999 9999 9999
9999 9999 37 9999 9999 9999 9999 9999 9999 5 9999 9999 9999 9999 9999 9999 9999 9999 9999 9999
9999 9999 9999 9999 9999 9999 9999 9999 5 9999 9999 9999 9999 9999 9999 9999 39 9999 9999 9999
9999 9999 9999 9999 9999 9999 9999 9999 9999 9999 9999 9999 9999 9999 9999 9999 9999 9999 9999 9999
9999 45 9999 9999 9999 9999 9999 9999 9999 9999 9999 9999 9999 9999 9999 9999 9999 9999 9999 9999
9999 9999 9999 9999 9999 9999 9999 9999 9999 9999 9999 9999 9999 9999 9999 9999 55 9999 9999 9999
9999 9999 9999 9999 9999 9999 37 60 9999 9999 9999 9999 9999 9999 9999 9999 9999 9999 9999 9999
9999 9999 9999 9999 9999 9999 9999 9999 9999 9999 9999 9999 9999 9999 9999 9999 9999 9999 9999 9999
9999 9999 9999 9999 9999 9999 9999 9999 9999 9999 9999 9999 9999 9999 9999 9999 9999 9999 9999 9999
9999 9999 9999 9999 9999 9999 9999 9999 9999 39 9999 9999 55 9999 9999 9999 9999 9999 9999 9999
9999 9999 9999 9999 9999 9999 9999 9999 9999 9999 9999 9999 9999 9999 9999 9999 9999 9999 49 9999
9999 9999 9999 9999 9999 9999 9999 9999 9999 9999 9999 9999 9999 9999 9999 9999 9999 49 9999 9999
9999 9999 9999 41 9999 9999 9999 9999 9999 9999 9999 9999 9999 9999 9999 9999 9999 9999 9999 9999
