20
9999 9999 9999 9999 9999 9999 9999 9999 9999 9999 9999 9999 9999 9999 9999 9999 9999 9999 9999 9999
9999 9999 9999 86 9999 9999 9999 9999 9999 9999 9999 9999 9999 9999 9999 9999 9999 9999 9999 9999
9999 9999 9999 9999 9999 9999 61 9999 9999 9999 9999 9999 9999 76 9999 9999 4 9999 9999 9999
9999 86 9999 9999 68 99 9999 9999 88 9999 9999 9999 9999 9999 9999 9999 9999 9999 9999 9999
9999 9999 9999 68 9999 9999 9999 9 3 9999 9999 9999 9999 9999 9999 9999 9999 9999 9999 9999
9999 9999 9999 99 9999 9999 9999 9999 9999 9999 9999 9999 9999 9999 9999 9999 9999 9999 9999 9999
9999 9999 61 9999 9999 9999 9999 9999 18 9999 17 9999 75 9999 9999 9999 9999 9999 9999 9999
9999 9999 9999 9999 9 9999 9999 9999 9999 9999 9999 9999 9999 9999 9999 9999 9999 9999 9999 9999
9999 9999 9999 88 3 9999 18 9999 9999 9999 9999 9999 9999 9999 9999 9999 9999 9999 9999 9999
9999 9999 9999 9999 9999 9999 9999 9999 9999 9999 9999 9999 9999 12 9999 9999 63 9999 9999 9999
9999 9999 9999 9999 9999 9999 17 9999 9999 9999 9999 9999 9999 9999 9999 9999 23 9999 9999 9999
9999 9999 9999 9999 9999 9999 9999 9999 9999 9999 9999 9999 9999 9999 9999 9999 70 9999 9999 17
9999 9999 9999 9999 9999 9999 75 9999 9999 9999 9999 9999 9999 9999 9999 9999 9999 9999 9999 9999
9999 9999 76 9999 9999 9999 9999 9999 9999 12 9999 9999 9999 9999 75 9999 9999 9999 9999 9999
9999 9999 9999 9999 9999 9999 9999 9999 9999 9999 9999 9999 9999 75 9999 9999 9999 9999 9999 9999
9999 9999 9999 9999 9999 9999 9999 9999 9999 9999 9999 9999 9999 9999 9999 9999 9999 9999 9999 9999
9999 9999 4 9999 9999 9999 9999 9999 9999 63 23 70 9999 9999 9999 9999 9999 9999 9999 9999
9999 9999 9999 9999 9999 9999 9999 9999 9999 9999 9999 9999 9999 9999 9999 9999 9999 9999 22 9999
9999 9999 9999 9999 9999 9999 9999 9999 9999 9999 9999 9999 9999 9999 9999 9999 9999 22 9999 9999
9999 9999 9999 9999 9999 9999 9999 9999 9999 9999 9999 17 9999 9999 9999 9999 9999 9999 9999 9999
