20
9999 9999 9999 9999 9999 9999 9999 9999 9999 9999 9999 9999 9999 9999 9999 9999 9999 9999 9999 9999
9999 9999 9999 23 9999 9999 88 9999 9999 9999 9999 9999 9999 9999 9999 9999 9999 9999 9999 9999
9999 9999 9999 9999 86 9999 9999 9999 9999 71 9999 9999 53 9999 9999 56 9999 9999 9999 9999
9999 23 9999 9999 9999 8 9999 9999 9999 9999 79 66 69 9999 9999 89 9999 9999 9999 19
9999 9999 86 9999 9999 9999 91 86 9999 64 9999 9999 9999 9999 9999 9999 50 9999 9999 9999
9999 9999 9999 8 9999 9999 5 9999 27 9999 9999 9999 9999 9999 9999 68 9999 9999 76 9999
9999 88 9999 9999 91 5 9999 9999 94 9999 9999 9999 9999 9999 9999 9999 9999 45 9999 9999
9999 9999 9999 9999 86 9999 9999 9999 40 9999 9999 9999 9999 9999 9999 9999 9999 9999 9999 9999
9999 9999 9999 9999 9999 27 94 40 9999 9999 9999 9999 9999 9999 9999 9999 9999 9999 40 9999
9999 9999 71 9999 64 9999 9999 9999 9999 9999 9999 9999 9999 9999 9999 9999 9999 9999 9999 9999
9999 9999 9999 79 9999 9999 9999 9999 9999 9999 9999 9999 13 9999 9999 9999 9999 9999 31 9999
9999 9999 9999 66 9999 9999 9999 9999 9999 9999 9999 9999 9999 9999 9999 9999 9999 9999 9999 9999
9999 9999 53 69 9999 9999 9999 9999 9999 9999 13 9999 9999 9999 9999 9999 54 9999 9999 9999
9999 9999 9999 9999 9999 9999 9999 9999 9999 9999 9999 9999 9999 9999 9999 9999 9999 9999 9999 61
9999 9999 9999 9999 9999 9999 9999 9999 9999 9999 9999 9999 9999 9999 9999 9999 83 9999 9999 97
9999 9999 56 89 9999 68 9999 9999 9999 9999 9999 9999 9999 9999 9999 9999 91 9999 2 9999
9999 9999 9999 9999 50 9999 9999 9999 9999 9999 9999 9999 54 9999 83 91 9999 9999 64 9999
9999 9999 9999 9999 9999 9999 45 9999 9999 9999 9999 9999 9999 9999 9999 9999 9999 9999 9999 9
9999 9999 9999 9999 9999 76 9999 9999 40 9999 31 9999 9999 9999 9999 2 64 9999 9999 47
9999 9999 9999 19 9999 9999 9999 9999 9999 9999 9999 9999 9999 61 97 9999 9999 9 47 9999
