20
9999 9999 9999 9999 9999 9999 9999 9999 9999 9999 9999 9999 9999 9999 9999 9999 9999 9999 9999 9999
9999 9999 9999 1 9999 67 9999 8 95 9999 9999 68 9999 46 44 9999 9999 76 9999 35
9999 9999 9999 93 16 9999 97 64 92 72 81 21 9999 5 9999 27 9999 98 5 44
9999 1 93 9999 70 9999 48 9999 9999 56 9999 9999 9999 74 62 68 27 9999 58 9999
9999 9999 16 70 9999 9999 55 68 8 24 32 76 9999 9999 9999 89 9999 20 9999 9999
9999 67 9999 9999 9999 9999 84 27 9999 27 9999 9999 24 12 9999 9999 9999 80 9999 14
9999 9999 97 48 55 84 9999 19 9999 63 9999 9 46 47 9999 9999 9999 9999 9999 14
9999 8 64 9999 68 27 19 9999 9999 9999 47 9999 9999 9999 9999 14 15 9999 9999 9999
9999 95 92 9999 8 9999 9999 9999 9999 59 9999 20 76 9999 37 9999 9999 9999 9999 9999
9999 9999 72 56 24 27 63 9999 59 9999 9999 22 9999 9999 12 76 28 9999 65 9999
9999 9999 81 9999 32 9999 9999 47 9999 9999 9999 9999 50 9999 9999 9999 9999 9999 52 24
9999 68 21 9999 76 9999 9 9999 20 22 9999 9999 9999 9999 9999 9999 9999 9999 9999 9999
9999 9999 9999 9999 9999 24 46 9999 76 9999 50 9999 9999 9999 32 53 9999 9999 86 10
9999 46 5 74 9999 12 47 9999 9999 9999 9999 9999 9999 9999 9999 100 26 48 9999 9999
9999 44 9999 62 9999 9999 9999 9999 37 12 9999 9999 32 9999 9999 9999 9999 9999 9999 27
9999 9999 27 68 89 9999 9999 14 9999 76 9999 9999 53 100 9999 9999 9999 9999 9999 9999
9999 9999 9999 27 9999 9999 9999 15 9999 28 9999 9999 9999 26 9999 9999 9999 9999 9999 43
9999 76 98 9999 20 80 9999 9999 9999 9999 9999 9999 9999 48 9999 9999 9999 9999 9999 11
9999 9999 5 58 9999 9999 9999 9999 9999 65 52 9999 86 9999 9999 9999 9999 9999 9999 9999
9999 35 44 9999 9999 14 14 9999 9999 9999 24 9999 10 9999 27 9999 43 11 9999 9999
