20
9999 9999 9999 9999 9999 9999 9999 9999 9999 9999 9999 9999 9999 9999 9999 9999 9999 9999 9999 9999
9999 9999 9999 9999 88 3 9999 9999 9999 16 9999 9999 9999 24 9999 9999 9999 92 9999 9999
9999 9999 9999 9999 9999 48 9999 77 5 44 97 9999 31 9999 9999 9999 86 98 96 69
9999 9999 9999 9999 75 9999 9999 99 15 21 3 89 14 81 15 9999 9999 9999 16 9999
9999 88 9999 75 9999 54 5 41 54 9999 9999 9999 77 9999 91 9999 9999 6 9999 96
9999 3 48 9999 54 9999 17 9999 9999 22 27 9999 9999 9999 9999 82 86 9999 9999 9999
9999 9999 9999 9999 5 17 9999 2 9999 95 54 9999 9999 40 9999 9999 100 74 41 9999
9999 9999 77 99 41 9999 2 9999 9999 29 9999 9999 9999 9999 13 26 20 22 31 9999
9999 9999 5 15 54 9999 9999 9999 9999 64 21 9999 9999 9999 2 9999 12 9999 17 8
9999 16 44 21 9999 22 95 29 64 9999 9999 9999 61 9999 72 9999 9999 9999 63 9999
9999 9999 97 3 9999 27 54 9999 21 9999 9999 9999 56 9999 9999 9999 6 9999 9999 78
9999 9999 9999 89 9999 9999 9999 9999 9999 9999 9999 9999 29 9999 9999 5 9999 81 9999 9999
9999 9999 31 14 77 9999 9999 9999 9999 61 56 29 9999 53 9999 9999 79 52 9999 9999
9999 24 9999 81 9999 9999 40 9999 9999 9999 9999 9999 53 9999 43 9999 29 31 55 17
9999 9999 9999 15 91 9999 9999 13 2 72 9999 9999 9999 43 9999 50 31 34 36 9999
9999 9999 9999 9999 9999 82 9999 26 9999 9999 9999 5 9999 9999 50 9999 9999 52 9999 9999
9999 9999 86 9999 9999 86 100 20 12 9999 6 9999 79 29 31 9999 9999 9999 100 9999
9999 92 98 9999 6 9999 74 22 9999 9999 9999 81 52 31 34 52 9999 9999 9999 9999
9999 9999 96 16 9999 9999 41 31 17 63 9999 9999 9999 55 36 9999 100 9999 9999 74
9999 9999 69 9999 96 9999 9999 9999 8 9999 78 9999 9999 17 9999 9999 9999 9999 74 9999
